{"type":"group","tags":[],"content":[{"type":"group","tags":[],"content":[{"type":"plan","tags":["color:#fffcf7"],"matrix":[1,0,0,0,0,1,0,0,0,0,1,0,300,180,0,1,"1","0","0","300","0","1","0","180","0","0","1","0","1"],"plan":{"type":"Box","history":[{"corner1":[300,180,0]},{"corner2":[-300,-180,0]}]},"content":[{"type":"graph","matrix":[1,0,0,0,0,1,0,0,0,0,1,0,300,180,0,1,"1","0","0","300","0","1","0","180","0","0","1","0","1"],"tags":["color:#fffcf7"],"graph":{"isClosed":true,"isEmpty":false,"isLazy":true,"provenance":"algorithm/cgal/fromSurfaceMeshToLazyGraph","serializedSurfaceMesh":"20\n300 -180 0\n300 144 0\n-36 144 0\n-36 180 0\n-300 -180 0\n-300 180 0\n-36 180 10\n-300 180 10\n-180 48 10\n-228 24 10\n-228 48 0\n-180 24 0\n-180 48 0\n-228 48 10\n300 -180 10\n-228 24 0\n-36 144 10\n-180 24 10\n-300 -180 10\n300 144 10\n\n40\n3 1 0 2\n3 2 5 3\n3 0 4 2\n3 4 11 2\n3 6 7 16\n3 7 18 9\n3 1 19 14\n3 14 0 1\n3 2 16 19\n3 19 1 2\n3 3 6 16\n3 16 2 3\n3 5 7 6\n3 6 3 5\n3 0 14 18\n3 18 4 0\n3 4 18 7\n3 7 5 4\n3 8 16 7\n3 8 17 16\n3 11 17 12\n3 17 9 18\n3 9 13 7\n3 12 13 10\n3 11 12 2\n3 4 5 15\n3 15 5 10\n3 12 5 2\n3 4 15 11\n3 12 10 5\n3 15 9 11\n3 9 15 13\n3 10 13 15\n3 17 11 9\n3 8 12 17\n3 8 7 13\n3 17 18 16\n3 8 13 12\n3 18 14 16\n3 19 16 14\n","hash":"0onUkRou6ItXIzcq7WSt5680CSxaGn19zYiqEfHMmVU="},"cache":{"boundingBox":[[-4.547473508864642e-13,-2.842170943040401e-13,-7.895e-321],[600.000000000001,360.0000000000006,10.000000000000014]]},"hash":"vuKYse8z2P7Wu1ihITtPgUN5Rx9ZfxMvUB0mNZZluzM="}],"hash":"kfLSdBnT0GtmRlUVVrwZi9R2Q2cDG5FZzMgCsI2iYnY="},{"type":"plan","tags":["color:#fffcf7"],"matrix":[1,0,0,0,0,1,0,0,0,0,1,0,96,216,0,1,"1","0","0","96","0","1","0","216","0","0","1","0","1"],"plan":{"type":"Box","history":[{"corner1":[24,12,0]},{"corner2":[-24,-12,0]}]},"content":[{"type":"graph","matrix":[1,0,0,0,0,1,0,0,0,0,1,0,96,216,0,1,"1","0","0","96","0","1","0","216","0","0","1","0","1"],"tags":["color:#fffcf7"],"graph":{"isClosed":true,"isEmpty":false,"isLazy":true,"provenance":"algorithm/cgal/fromSurfaceMeshToLazyGraph","serializedSurfaceMesh":"8\n-24 12 0\n-24 -12 0\n24 -12 0\n24 12 0\n-24 12 60\n-24 -12 60\n24 -12 60\n24 12 60\n\n12\n3 0 2 1\n3 2 0 3\n3 5 6 4\n3 7 4 6\n3 1 5 4\n3 4 0 1\n3 2 6 5\n3 5 1 2\n3 3 7 6\n3 6 2 3\n3 0 4 7\n3 7 3 0\n","hash":"n3UVjgjpp1+sD13gz800Ub5v6ow/znQD+KHYKLr5iSw="},"cache":{"boundingBox":[[71.99999999999984,203.99999999999966,-4.397e-321],[120.00000000000018,228.00000000000037,60.00000000000007]]},"hash":"75N6/t9rVG81YWeGlqHQtQ6ZYUTap6B22AU+xcuZlRw="}],"hash":"1Gwl4IjFoaRvNhmLGfuP8Pnh55lUBFT/iGzbCRHTAHI="},{"type":"group","tags":[],"matrix":[1,0,0,0,0,1,0,0,0,0,1,0,390,276,10,1,"1","0","0","390","0","1","0","276","0","0","1","10","1"],"content":[{"type":"plan","tags":["color:#fffcf7"],"matrix":[1,0,0,0,0,1,0,0,0,0,1,0,342,222,10,1,"1","0","0","342","0","1","0","222","0","0","1","10","1"],"plan":{"type":"Box","history":[{"corner1":[10,5,0]},{"corner2":[-10,-5,0]}]},"content":[{"type":"graph","matrix":[1,0,0,0,0,1,0,0,0,0,1,0,390,276,10,1,"1","0","0","390","0","1","0","276","0","0","1","10","1"],"tags":["color:#fffcf7"],"graph":{"isClosed":true,"isEmpty":false,"isLazy":true,"provenance":"algorithm/cgal/fromSurfaceMeshToLazyGraph","serializedSurfaceMesh":"8\n-58 -49 0\n-58 -59 0\n-38 -59 0\n-38 -49 0\n-58 -49 14\n-58 -59 14\n-38 -59 14\n-38 -49 14\n\n12\n3 0 2 1\n3 3 2 0\n3 5 6 4\n3 4 6 7\n3 1 5 4\n3 4 0 1\n3 2 6 5\n3 5 1 2\n3 3 7 6\n3 6 2 3\n3 0 4 7\n3 7 3 0\n","hash":"h2vFCvuKr8f6uWw4tJfvqyJm6CNCGUdYfVDeBntP2R4="},"cache":{"boundingBox":[[331.9999999999994,216.99999999999952,9.999999999999984],[352.0000000000006,227.00000000000048,24.000000000000032]]},"hash":"vUDOlwJlGo76sg8NAdZFsTK9YwB7oyMjJAKb731voqg="}],"hash":"WCAzIaLF+pKAmBtdp3dGBix+DiCPxWB2c7rV8nbpk2c="},{"type":"plan","tags":["color:#fffcf7"],"matrix":[1,0,0,0,0,1,0,0,0,0,1,0,390,222,10,1,"1","0","0","390","0","1","0","222","0","0","1","10","1"],"plan":{"type":"Arc","history":[{"corner1":[5,5,0]},{"corner2":[-5,-5,0]},{"sides":21}]},"content":[{"type":"graph","matrix":[1,0,0,0,0,1,0,0,0,0,1,0,390,276,10,1,"1","0","0","390","0","1","0","276","0","0","1","10","1"],"tags":["color:#fffcf7"],"graph":{"isClosed":true,"isEmpty":false,"isLazy":true,"provenance":"algorithm/cgal/fromSurfaceMeshToLazyGraph","serializedSurfaceMesh":"72\n1402043918085275/281474976710656 -483052760032035423/9007199254740992 0\n41930065496208065/9007199254740992 -469912175753438583/9007199254740992 0\n45/16 -224592555330172129/4503599627370496 0\n13245881256972045/9007199254740992 -443310850276817523/9007199254740992 0\n2202847643822525/562949953421312 -458347479057291613/9007199254740992 0\n0 -49 0\n-13245881256972045/9007199254740992 -443310850276817523/9007199254740992 0\n-2202847643822525/562949953421312 -458347479057291613/9007199254740992 0\n-41930065496208065/9007199254740992 -469912175753438583/9007199254740992 0\n-45/16 -224592555330172129/4503599627370496 0\n-15312238733059685/4503599627370496 -519415157023397203/9007199254740992 0\n-43881227138481755/9007199254740992 -496396758927948003/9007199254740992 0\n-39031196770544295/9007199254740992 -113/2 0\n-1402043918085275/281474976710656 -483052760032035423/9007199254740992 0\n-39161735890178225/18014398509481984 -131730289100587007/2251799813685248 0\n-27021597764222975/36028797018963968 -530882153664975093/9007199254740992 0\n27021597764222975/36028797018963968 -530882153664975093/9007199254740992 0\n39161735890178225/18014398509481984 -131730289100587007/2251799813685248 0\n15312238733059685/4503599627370496 -519415157023397203/9007199254740992 0\n39031196770544295/9007199254740992 -113/2 0\n43881227138481755/9007199254740992 -496396758927948003/9007199254740992 0\n1402043918085275/281474976710656 -483052760032035423/9007199254740992 14\n41930065496208065/9007199254740992 -469912175753438583/9007199254740992 14\n45/16 -224592555330172129/4503599627370496 14\n13245881256972045/9007199254740992 -443310850276817523/9007199254740992 14\n2202847643822525/562949953421312 -458347479057291613/9007199254740992 14\n0 -49 14\n-13245881256972045/9007199254740992 -443310850276817523/9007199254740992 14\n-2202847643822525/562949953421312 -458347479057291613/9007199254740992 14\n-41930065496208065/9007199254740992 -469912175753438583/9007199254740992 14\n-45/16 -224592555330172129/4503599627370496 14\n-15312238733059685/4503599627370496 -519415157023397203/9007199254740992 14\n-43881227138481755/9007199254740992 -496396758927948003/9007199254740992 14\n-39031196770544295/9007199254740992 -113/2 14\n-1402043918085275/281474976710656 -483052760032035423/9007199254740992 14\n-39161735890178225/18014398509481984 -131730289100587007/2251799813685248 14\n-27021597764222975/36028797018963968 -530882153664975093/9007199254740992 14\n27021597764222975/36028797018963968 -530882153664975093/9007199254740992 14\n39161735890178225/18014398509481984 -131730289100587007/2251799813685248 14\n15312238733059685/4503599627370496 -519415157023397203/9007199254740992 14\n39031196770544295/9007199254740992 -113/2 14\n43881227138481755/9007199254740992 -496396758927948003/9007199254740992 14\n8967013288835224545/14195346025471803392 -823699749569854051607/14195346025471803392 0\n609295651145306493/1774418253183975424 -817193595410529418225/14195346025471803392 0\n103/197 -89919/1576 0\n21201099415043937839/14195346025471803392 -811483215934500731015/14195346025471803392 0\n44125250943842973909/28390692050943606784 -6399382241735565237/110901140823998464 0\n33206958977661284779/28390692050943606784 -103071530072258144907/1774418253183975424 0\n1837603497340746433/1774418253183975424 -807381230865886362865/14195346025471803392 0\n103/197 -89919/1576 4\n44125250943842973909/28390692050943606784 -6399382241735565237/110901140823998464 4\n609295651145306493/1774418253183975424 -817193595410529418225/14195346025471803392 4\n21201099415043937839/14195346025471803392 -811483215934500731015/14195346025471803392 4\n1837603497340746433/1774418253183975424 -807381230865886362865/14195346025471803392 4\n8967013288835224545/14195346025471803392 -823699749569854051607/14195346025471803392 4\n33206958977661284779/28390692050943606784 -103071530072258144907/1774418253183975424 4\n17104122165286391309/17744182531839754240 -1033557550863552596803/17744182531839754240 14\n5891/3940 -56113/985 4\n17123235002729378291/17744182531839754240 -1006933368305471730877/17744182531839754240 4\n428/985 -224449/3940 4\n1472/985 -228631/3940 14\n30425769863048317763/17744182531839754240 -1020255016003233657331/17744182531839754240 14\n5891/3940 -56113/985 14\n3801587304967451837/17744182531839754240 -1020235903165790670349/17744182531839754240 14\n17123235002729378291/17744182531839754240 -1006933368305471730877/17744182531839754240 14\n428/985 -224449/3940 14\n1709/3940 -57157/985 14\n30425769863048317763/17744182531839754240 -1020255016003233657331/17744182531839754240 4\n17104122165286391309/17744182531839754240 -1033557550863552596803/17744182531839754240 4\n1472/985 -228631/3940 4\n1709/3940 -57157/985 4\n3801587304967451837/17744182531839754240 -1020235903165790670349/17744182531839754240 4\n\n144\n3 0 4 1\n3 3 2 5\n3 2 4 0\n3 5 2 9\n3 6 5 9\n3 9 2 13\n3 7 13 8\n3 7 9 13\n3 13 2 0\n3 11 14 10\n3 12 11 10\n3 11 13 14\n3 14 13 15\n3 15 13 16\n3 46 0 16\n3 17 16 0\n3 18 17 20\n3 19 18 20\n3 20 17 0\n3 22 25 21\n3 26 23 24\n3 21 25 23\n3 30 23 26\n3 30 26 27\n3 34 23 30\n3 29 34 28\n3 34 30 28\n3 21 23 34\n3 31 35 32\n3 31 32 33\n3 35 34 32\n3 36 34 35\n3 37 34 36\n3 50 55 69\n3 21 61 38\n3 41 38 39\n3 41 39 40\n3 21 38 41\n3 1 22 21\n3 21 0 1\n3 4 25 22\n3 22 1 4\n3 3 24 23\n3 23 2 3\n3 5 26 24\n3 24 3 5\n3 2 23 25\n3 25 4 2\n3 6 27 26\n3 26 5 6\n3 9 30 27\n3 27 6 9\n3 8 29 28\n3 28 7 8\n3 13 34 29\n3 29 8 13\n3 7 28 30\n3 30 9 7\n3 14 35 31\n3 31 10 14\n3 12 33 32\n3 32 11 12\n3 10 31 33\n3 33 12 10\n3 11 32 34\n3 34 13 11\n3 15 36 35\n3 35 14 15\n3 16 37 36\n3 36 15 16\n3 17 38 37\n3 37 16 17\n3 18 39 38\n3 38 17 18\n3 19 40 39\n3 39 18 19\n3 20 41 40\n3 40 19 20\n3 0 21 41\n3 41 20 0\n3 54 55 47\n3 13 43 16\n3 16 43 42\n3 48 0 45\n3 13 44 43\n3 13 0 48\n3 50 45 46\n3 47 46 16\n3 45 0 46\n3 42 47 16\n3 43 51 42\n3 44 13 48\n3 43 44 49\n3 49 51 43\n3 42 54 47\n3 47 55 46\n3 48 45 52\n3 48 53 44\n3 51 54 42\n3 63 66 70\n3 52 53 48\n3 50 52 45\n3 66 56 68\n3 62 64 57\n3 58 65 59\n3 50 46 55\n3 67 62 57\n3 64 65 58\n3 57 64 58\n3 61 62 67\n3 60 61 69\n3 59 63 71\n3 53 57 58\n3 55 70 68\n3 51 59 71\n3 60 38 61\n3 38 56 37\n3 50 69 67\n3 56 38 60\n3 49 44 53\n3 62 61 21\n3 67 57 52\n3 66 34 37\n3 34 64 21\n3 67 52 50\n3 66 63 34\n3 53 52 57\n3 53 59 49\n3 64 62 21\n3 69 61 67\n3 64 34 65\n3 59 53 58\n3 56 66 37\n3 65 63 59\n3 70 71 63\n3 63 65 34\n3 68 56 69\n3 69 55 68\n3 60 69 56\n3 55 54 70\n3 59 51 49\n3 68 70 66\n3 71 70 54\n3 54 51 71\n","hash":"Q/frofTZQOcGjmSqD9O/qgEElu5iG8/gvqMlMqIRZUY="},"cache":{"boundingBox":[[385.01893939393875,217.06024096385494,9.999999999999984],[394.98106060606125,227.00000000000048,24.000000000000032]]},"hash":"VhPQRjQb/ry/OYmoYhhlzzjVQbua+UU/0wxDzBjja+s="}],"hash":"Dphb1daOk2lBZwPnLkgBZrhxwXiR9PD8dQze7cKOplE="},{"type":"plan","tags":["color:#fffcf7"],"matrix":[1,0,0,0,0,1,0,0,0,0,1,0,390,258,10,1,"1","0","0","390","0","1","0","258","0","0","1","10","1"],"plan":{"type":"Arc","history":[{"corner1":[4,4,0]},{"corner2":[-4,-4,0]},{"sides":19}]},"content":[{"type":"graph","matrix":[1,0,0,0,0,1,0,0,0,0,1,0,390,276,10,1,"1","0","0","390","0","1","0","276","0","0","1","10","1"],"tags":["color:#fffcf7"],"graph":{"isClosed":true,"isEmpty":false,"isLazy":true,"provenance":"algorithm/cgal/fromSurfaceMeshToLazyGraph","serializedSurfaceMesh":"38\n-8256599316845909/2251799813685248 -88317343341940895/4503599627370496 0\n-4483759981434943/1125899906842624 -330263972673836373/18014398509481984 0\n-6622940628486023/2251799813685248 -46634047754384813/2251799813685248 0\n-4289142502257615/2251799813685248 -6057341498813317/281474976710656 0\n-2947810665187961/4503599627370496 -6176132097680191/281474976710656 0\n2947810665187961/4503599627370496 -6176132097680191/281474976710656 0\n4289142502257615/2251799813685248 -6057341498813317/281474976710656 0\n6622940628486023/2251799813685248 -46634047754384813/2251799813685248 0\n8256599316845909/2251799813685248 -88317343341940895/4503599627370496 0\n4483759981434943/1125899906842624 -330263972673836373/18014398509481984 0\n-31/8 -76653103861775381/4503599627370496 0\n31/8 -76653103861775381/4503599627370496 0\n7546572348566777/2251799813685248 -35599882768738207/2251799813685248 0\n2763572498613713/1125899906842624 -33421449866275787/2251799813685248 0\n5842507624696859/4503599627370496 -32012073026984877/2251799813685248 0\n0 -14 0\n-5842507624696859/4503599627370496 -32012073026984877/2251799813685248 0\n-2763572498613713/1125899906842624 -33421449866275787/2251799813685248 0\n-7546572348566777/2251799813685248 -35599882768738207/2251799813685248 0\n-8256599316845909/2251799813685248 -88317343341940895/4503599627370496 14\n-4483759981434943/1125899906842624 -330263972673836373/18014398509481984 14\n-6622940628486023/2251799813685248 -46634047754384813/2251799813685248 14\n-4289142502257615/2251799813685248 -6057341498813317/281474976710656 14\n-2947810665187961/4503599627370496 -6176132097680191/281474976710656 14\n2947810665187961/4503599627370496 -6176132097680191/281474976710656 14\n4289142502257615/2251799813685248 -6057341498813317/281474976710656 14\n6622940628486023/2251799813685248 -46634047754384813/2251799813685248 14\n8256599316845909/2251799813685248 -88317343341940895/4503599627370496 14\n4483759981434943/1125899906842624 -330263972673836373/18014398509481984 14\n-31/8 -76653103861775381/4503599627370496 14\n31/8 -76653103861775381/4503599627370496 14\n7546572348566777/2251799813685248 -35599882768738207/2251799813685248 14\n2763572498613713/1125899906842624 -33421449866275787/2251799813685248 14\n5842507624696859/4503599627370496 -32012073026984877/2251799813685248 14\n0 -14 14\n-5842507624696859/4503599627370496 -32012073026984877/2251799813685248 14\n-2763572498613713/1125899906842624 -33421449866275787/2251799813685248 14\n-7546572348566777/2251799813685248 -35599882768738207/2251799813685248 14\n\n72\n3 2 0 1\n3 3 2 4\n3 2 1 4\n3 4 1 5\n3 5 1 9\n3 6 5 7\n3 7 5 9\n3 8 7 9\n3 9 1 11\n3 11 1 10\n3 12 11 13\n3 13 11 14\n3 14 11 15\n3 15 11 10\n3 16 15 10\n3 17 16 10\n3 18 17 10\n3 20 19 21\n3 23 21 22\n3 23 20 21\n3 24 20 23\n3 28 20 24\n3 26 24 25\n3 28 24 26\n3 28 26 27\n3 30 20 28\n3 29 20 30\n3 32 30 31\n3 33 30 32\n3 34 30 33\n3 29 30 34\n3 29 34 35\n3 29 35 36\n3 29 36 37\n3 2 21 19\n3 19 0 2\n3 0 19 20\n3 20 1 0\n3 3 22 21\n3 21 2 3\n3 4 23 22\n3 22 3 4\n3 5 24 23\n3 23 4 5\n3 6 25 24\n3 24 5 6\n3 7 26 25\n3 25 6 7\n3 8 27 26\n3 26 7 8\n3 9 28 27\n3 27 8 9\n3 11 30 28\n3 28 9 11\n3 1 20 29\n3 29 10 1\n3 12 31 30\n3 30 11 12\n3 13 32 31\n3 31 12 13\n3 14 33 32\n3 32 13 14\n3 15 34 33\n3 33 14 15\n3 16 35 34\n3 34 15 16\n3 17 36 35\n3 35 16 17\n3 18 37 36\n3 36 17 18\n3 10 29 37\n3 37 18 10\n","hash":"37Uc/X2TwgCo4MMAm2fLbACMVafQtcsenhWraIaIgTU="},"cache":{"boundingBox":[[386.0176211453738,254.05797101449227,9.999999999999984],[393.9823788546262,262.00000000000057,24.000000000000032]]},"hash":"i/RG0faxuQtGhNCQwTsv63Nh4ZHAv2Wfj/4m0BJ/h4E="}],"hash":"oVf7OZnIzPYv1bFHpIgQ6SVROP12HEXCeKlWX15i40g="},{"type":"plan","tags":["color:#fffcf7"],"matrix":[1,0,0,0,0,1,0,0,0,0,1,0,390,276,10,1,"1","0","0","390","0","1","0","276","0","0","1","10","1"],"plan":{"type":"Arc","history":[{"corner1":[2,2,0]},{"corner2":[-2,-2,0]},{"sides":13}]},"content":[{"type":"graph","matrix":[1,0,0,0,0,1,0,0,0,0,1,0,390,276,10,1,"1","0","0","390","0","1","0","276","0","0","1","10","1"],"tags":["color:#fffcf7"],"graph":{"isClosed":true,"isEmpty":false,"isLazy":true,"provenance":"algorithm/cgal/fromSurfaceMeshToLazyGraph","serializedSurfaceMesh":"26\n8932759591478669/4503599627370496 1080863910568919/4503599627370496 0\n3708846751952173/2251799813685248 639024271451219/562949953421312 0\n8363827879402349/9007199254740992 1991976758260027/1125899906842624 0\n0 2 0\n-8363827879402349/9007199254740992 1991976758260027/1125899906842624 0\n-3708846751952173/2251799813685248 639024271451219/562949953421312 0\n-8932759591478669/4503599627370496 1080863910568919/4503599627370496 0\n-8426089625402863/4503599627370496 -6392205922719413/9007199254740992 0\n-2982113266772355/2251799813685248 -3366768653471147/2251799813685248 0\n-1080863910568919/2251799813685248 -8742281629601551/4503599627370496 0\n1080863910568919/2251799813685248 -8742281629601551/4503599627370496 0\n2982113266772355/2251799813685248 -3366768653471147/2251799813685248 0\n8426089625402863/4503599627370496 -6392205922719413/9007199254740992 0\n8932759591478669/4503599627370496 1080863910568919/4503599627370496 14\n3708846751952173/2251799813685248 639024271451219/562949953421312 14\n8363827879402349/9007199254740992 1991976758260027/1125899906842624 14\n0 2 14\n-8363827879402349/9007199254740992 1991976758260027/1125899906842624 14\n-3708846751952173/2251799813685248 639024271451219/562949953421312 14\n-8932759591478669/4503599627370496 1080863910568919/4503599627370496 14\n-8426089625402863/4503599627370496 -6392205922719413/9007199254740992 14\n-2982113266772355/2251799813685248 -3366768653471147/2251799813685248 14\n-1080863910568919/2251799813685248 -8742281629601551/4503599627370496 14\n1080863910568919/2251799813685248 -8742281629601551/4503599627370496 14\n2982113266772355/2251799813685248 -3366768653471147/2251799813685248 14\n8426089625402863/4503599627370496 -6392205922719413/9007199254740992 14\n\n48\n3 0 2 1\n3 4 8 6\n3 3 2 4\n3 5 4 6\n3 4 2 8\n3 7 6 8\n3 8 2 11\n3 9 8 10\n3 10 8 11\n3 11 2 0\n3 12 11 0\n3 14 15 13\n3 19 21 17\n3 17 15 16\n3 19 17 18\n3 21 15 17\n3 21 19 20\n3 24 15 21\n3 23 21 22\n3 24 21 23\n3 13 15 24\n3 13 24 25\n3 1 14 13\n3 13 0 1\n3 2 15 14\n3 14 1 2\n3 3 16 15\n3 15 2 3\n3 4 17 16\n3 16 3 4\n3 5 18 17\n3 17 4 5\n3 6 19 18\n3 18 5 6\n3 7 20 19\n3 19 6 7\n3 8 21 20\n3 20 7 8\n3 9 22 21\n3 21 8 9\n3 10 23 22\n3 22 9 10\n3 11 24 23\n3 23 10 11\n3 12 25 24\n3 24 11 12\n3 0 13 25\n3 25 12 0\n","hash":"ziq5ihbLAmyVFWaSLzaPUKgohIe39OmWDsF7yETD0Vw="},"cache":{"boundingBox":[[388.0165289256192,274.05882352941114,9.999999999999984],[391.9834710743808,278.00000000000057,24.000000000000032]]},"hash":"JOeF35OgiNnh6wOe2cSITcRs+z5fpK65WYf9FwRqa64="}],"hash":"eWZ34pdCGFCiHVcrShMwGJKwi755Sl5al4vfITjLnA0="}],"hash":"X8dRSicx5KX+WLvnKq2MPyLVUDCCv2KqiDQba4YcfEE="}],"hash":"R8UwtpjMxnSOo4Yzfr1DNpM7VxiEkzDzLgdZngKMKWY="},{"type":"group","tags":[],"matrix":[1,0,0,0,0,1,0,0,0,0,1,0,480,10,10,1,"1","0","0","480","0","1","0","10","0","0","1","10","1"],"content":[{"type":"group","tags":[],"matrix":[0.7076142131979695,0.7065989847715736,0,0,-0.7065989847715736,0.7076142131979695,0,0,0,0,1,0,370,10,10,1,"697/985","-696/985","0","370","696/985","697/985","0","10","0","0","1","10","1"],"content":[{"type":"group","tags":[],"matrix":[0.7076142131979695,0.7065989847715736,0,0,-0.7065989847715736,0.7076142131979695,0,0,0,0,1,0,370,10,10,1,"697/985","-696/985","0","370","696/985","697/985","0","10","0","0","1","10","1"],"content":[{"type":"group","tags":[],"matrix":[0.7076142131979695,0.7065989847715736,0,0,-0.6639185091813443,0.6648724150853405,0.3422818791946308,0,0.24185602834463257,-0.24220352263823117,0.9395973154362416,0,370,10,10,1,"697/985","-19488/29353","35496/146765","370","696/985","19516/29353","-35547/146765","10","0","51/149","140/149","10","1"],"content":[{"type":"group","tags":[],"matrix":[0.7076142131979695,0.7065989847715736,0,0,-0.6639185091813443,0.6648724150853405,0.3422818791946308,0,0.24185602834463257,-0.24220352263823117,0.9395973154362416,0,370,10,10,1,"697/985","-19488/29353","35496/146765","370","696/985","19516/29353","-35547/146765","10","0","51/149","140/149","10","1"],"content":[{"type":"item","tags":["part:{\"BOMitemName\":\"Support Rail\",\"numberNeeded\":2,\"costUSD\":3.6,\"source\":\"www.example.com\",\"totalNeeded\":1,\"radius\":0.015384615384615385}"],"matrix":[0.7076142131979695,0.7065989847715736,0,0,-0.6639185091813443,0.6648724150853405,0.3422818791946308,0,0.24185602834463257,-0.24220352263823117,0.9395973154362416,0,363.3608149081865,16.648724150853404,13.422818791946307,1,"697/985","-19488/29353","35496/146765","10665730/29353","696/985","19516/29353","-35547/146765","488690/29353","0","51/149","140/149","2000/149","1"],"content":[{"type":"plan","tags":["color:#bababa"],"matrix":[-0.24185602834463257,0.24220352263823117,-0.9395973154362416,0,-0.6639185091813443,0.6648724150853405,0.3422818791946308,0,0.7076142131979695,0.7065989847715736,0,0,363.2398868940142,16.769825912172518,12.953020134228186,1,"-35496/146765","-19488/29353","697/985","53310902/146765","35547/146765","19516/29353","696/985","4922447/293530","-140/149","51/149","0","1930/149","1"],"plan":{"type":"Box","history":[{"corner1":[0.5,0.5,0]},{"corner2":[-0.5,-0.5,0]}]},"content":[{"type":"graph","matrix":[-0.24185602834463257,0.24220352263823117,-0.9395973154362416,0,-0.6639185091813443,0.6648724150853405,0.3422818791946308,0,0.7076142131979695,0.7065989847715736,0,0,363.2398868940142,16.769825912172518,12.953020134228186,1,"-35496/146765","-19488/29353","697/985","53310902/146765","35547/146765","19516/29353","696/985","4922447/293530","-140/149","51/149","0","1930/149","1"],"tags":["color:#bababa","color:#bababa"],"graph":{"isClosed":true,"isEmpty":false,"isLazy":true,"provenance":"algorithm/cgal/fromSurfaceMeshToLazyGraph","serializedSurfaceMesh":"14\n1/2 -807270233206161259/2522015791327477760 0\n1/2 -1/2 0\n1/2 -1/2 40\n1/2 1/2 40\n-1/2 -1/2 0\n1/2 -807270233206161259/2522015791327477760 39161735890178225/144115188075855872\n1/2 1/2 43322011871592865866890838417375409/81703838958186787213998914369748992\n-1/2 998798317359056685/2017612633061982208 43881227138481755/72057594037927936\n-1/2 1/2 40\n-1/2 1/2 49669117228765039998640735008882865/81703838958186787213998914369748992\n-1/2 -1/2 40\n1/2 1319054290860958689/10088063165309911040 43881227138481755/72057594037927936\n-1/2 22292818155483985/504403158265495552 39161735890178225/144115188075855872\n-1/2 22292818155483985/504403158265495552 0\n\n24\n3 0 4 13\n3 2 8 10\n3 3 8 2\n3 2 10 1\n3 3 2 11\n3 9 6 7\n3 0 5 1\n3 3 6 9\n3 0 13 12\n3 5 11 2\n3 13 4 12\n3 0 12 5\n3 5 2 1\n3 0 1 4\n3 12 7 11\n3 8 9 7\n3 11 6 3\n3 12 4 7\n3 7 6 11\n3 10 4 1\n3 9 8 3\n3 12 11 5\n3 8 7 4\n3 10 8 4\n","hash":"rK33kZXE4Gv+VlJxMlv9ir3Hpt+Pue6mAeLKersqh2k="},"cache":{"boundingBox":[[363.16219951469935,16.316287943310034,12.312080536912433],[391.99734269069694,45.48732327189812,13.593959731543968]]},"hash":"I6VJl/UNMmdjGUiJH5dLiDn2l7CuBUB29RpcU8NptmQ="}],"hash":"e8skv71Fy4YqoINXA7gaqfL7u1KfkiJyGknrA4rTCEc="}],"hash":"dOiqb7/L6RrYsWT+6q1lZ/LY+B9n8g4tx0oanZRWCQs="},{"type":"item","tags":["part:{\"BOMitemName\":\"Support Rail\",\"numberNeeded\":2,\"costUSD\":3.6,\"source\":\"www.example.com\",\"totalNeeded\":1,\"radius\":0.015384615384615385}"],"matrix":[0.7076142131979695,0.7065989847715736,0,0,-0.6639185091813443,0.6648724150853405,0.3422818791946308,0,0.24185602834463257,-0.24220352263823117,0.9395973154362416,0,331.492726467482,48.56260007494975,29.85234899328859,1,"697/985","-19488/29353","35496/146765","9730306/29353","696/985","19516/29353","-35547/146765","1425458/29353","0","51/149","140/149","4448/149","1"],"content":[{"type":"plan","tags":["color:#bababa"],"matrix":[-0.24185602834463257,0.24220352263823117,-0.9395973154362416,0,-0.6639185091813443,0.6648724150853405,0.3422818791946308,0,0.7076142131979695,0.7065989847715736,0,0,331.3717984533097,48.68370183626886,29.382550335570468,1,"-35496/146765","-19488/29353","697/985","48633782/146765","35547/146765","19516/29353","696/985","14290127/293530","-140/149","51/149","0","4378/149","1"],"plan":{"type":"Box","history":[{"corner1":[0.5,0.5,0]},{"corner2":[-0.5,-0.5,0]}]},"content":[{"type":"graph","matrix":[-0.24185602834463257,0.24220352263823117,-0.9395973154362416,0,-0.6639185091813443,0.6648724150853405,0.3422818791946308,0,0.7076142131979695,0.7065989847715736,0,0,331.3717984533097,48.68370183626886,29.382550335570468,1,"-35496/146765","-19488/29353","697/985","48633782/146765","35547/146765","19516/29353","696/985","14290127/293530","-140/149","51/149","0","4378/149","1"],"tags":["color:#bababa","color:#bababa"],"graph":{"isClosed":true,"isEmpty":false,"isLazy":true,"provenance":"algorithm/cgal/fromSurfaceMeshToLazyGraph","serializedSurfaceMesh":"16\n141/298 27/149 3/4\n1/2 1/2 0\n-1/2 1/2 40\n1/2 13/51 0\n1/2 -1/2 40\n1/2 1/2 40\n1/2 -1/2 226168576408679287/785603525242775404\n9/40 -1/2 3185472907164497/52725068808239960\n9/40 -1/2 0\n782637740122311831/2684145377912815616 -212877465313268793/671036344478203904 9556418721493491/18014398509481984\n1/2 6/35 3/4\n1/2 13/51 466287327272872057/649836473061557388\n1/2 -991560825274962543/2522015791327477760 9556418721493491/18014398509481984\n-1/2 -1/2 0\n-1/2 1/2 0\n-1/2 -1/2 40\n\n28\n3 8 13 3\n3 3 14 1\n3 4 2 15\n3 5 2 4\n3 1 5 4\n3 1 14 5\n3 4 11 1\n3 6 12 4\n3 7 6 13\n3 3 13 14\n3 4 15 6\n3 9 6 7\n3 9 0 10\n3 9 7 0\n3 8 3 0\n3 8 7 13\n3 6 9 12\n3 3 11 0\n3 13 15 2\n3 10 12 9\n3 10 11 4\n3 3 1 11\n3 14 2 5\n3 13 2 14\n3 8 0 7\n3 13 6 15\n3 10 4 12\n3 10 0 11\n","hash":"WKfOa2Sj/s5PckBLkpMCKxQOwg78+t2HVbUW2xYrS5E="},"cache":{"boundingBox":[[330.91891118454583,48.23016386740633,28.74161073825467],[360.12925424999236,77.40119919599442,30.023489932886257]]},"hash":"w/oB6xflXipawjhlNvDaov7xzL64W2vcEYbpoH87g2c="}],"hash":"LZSxXEZBAxRJeATXKmuM72eY/1D5nUsrTJIWwvnID6I="}],"hash":"FzJM4zTIuj0YviGtg7aS60R5uL4Ft81/wTLxQsyu8y8="}],"hash":"g7ZIeWSHSaUaQLkiCgYftdeRsIk6yMz1L0FQjI9Iojs="},{"type":"group","tags":[],"matrix":[0.7076142131979695,0.7065989847715736,0,0,-0.6639185091813443,0.6648724150853405,0.3422818791946308,0,0.24185602834463257,-0.24220352263823117,0.9395973154362416,0,362.2211256089667,45.387033693319246,21.1241610738255,1,"697/985","-19488/29353","35496/146765","106322767/293530","696/985","19516/29353","-35547/146765","6661228/146765","0","51/149","140/149","6295/298","1"],"content":[{"type":"item","tags":["part:{\"BOMitemName\":\"400 Watt Solar Pannel\",\"numberNeeded\":1,\"costUSD\":312,\"source\":\"https://www.ecodirect.com/Canadian-Solar-CS1Y-400W-All-Black-Solar-Panel-p/canadian-solar-cs1y-400m5.htm\",\"totalNeeded\":1,\"radius\":0.015384615384615385}"],"matrix":[0.7076142131979695,0.7065989847715736,0,0,-0.6639185091813443,0.6648724150853405,0.3422818791946308,0,0.24185602834463257,-0.24220352263823117,0.9395973154362416,0,362.2211256089667,45.387033693319246,21.1241610738255,1,"697/985","-19488/29353","35496/146765","106322767/293530","696/985","19516/29353","-35547/146765","6661228/146765","0","51/149","140/149","6295/298","1"],"content":[{"type":"plan","tags":["color:#bababa"],"matrix":[0.7076142131979695,0.7065989847715736,0,0,-0.6639185091813443,0.6648724150853405,0.3422818791946308,0,0.24185602834463257,-0.24220352263823117,0.9395973154362416,0,362.2211256089667,45.387033693319246,21.1241610738255,1,"697/985","-19488/29353","35496/146765","106322767/293530","696/985","19516/29353","-35547/146765","6661228/146765","0","51/149","140/149","6295/298","1"],"plan":{"type":"Box","history":[{"corner1":[19.5,32.5,0]},{"corner2":[-19.5,-32.5,0]}]},"content":[{"type":"graph","matrix":[0.7076142131979695,0.7065989847715736,0,0,-0.6639185091813443,0.6648724150853405,0.3422818791946308,0,0.24185602834463257,-0.24220352263823117,0.9395973154362416,0,362.2211256089667,45.387033693319246,21.1241610738255,1,"697/985","-19488/29353","35496/146765","106322767/293530","696/985","19516/29353","-35547/146765","6661228/146765","0","51/149","140/149","6295/298","1"],"tags":["color:#bababa"],"graph":{"isClosed":true,"isEmpty":false,"isLazy":true,"provenance":"algorithm/cgal/fromSurfaceMeshToLazyGraph","serializedSurfaceMesh":"26\n-39/2 65/2 0\n-39/2 -65/2 0\n39/2 -65/2 0\n39/2 65/2 0\n-39/2 65/2 3/2\n-39/2 -65/2 3/2\n39/2 -65/2 3/2\n39/2 65/2 3/2\n37/2 -31 3/2\n-37/2 31 3/2\n37/2 31 3/2\n-37/2 -31 3/2\n-37/2 31 0\n37/2 31 0\n-37/2 -31 0\n37/2 -31 0\n-39/2 -11326778242818165935/504403158265495552 0\n-85617345089902147/4503599627370496 -43263617386389982573/2017612633061982208 0\n-39/2 -4747/224 0\n-39/2 -14939565863894777821/671036344478203904 1417507982714863565/2684145377912815616\n-85617345089902147/4503599627370496 -57358184748502136759/2684145377912815616 2172774386261577095/10736581511651262464\n-1361241856601112997/72057594037927936 -58689909543975110409/2684145377912815616 4113287659665052985/10736581511651262464\n-2771084431589011279/144115188075855872 -14939565863894777821/671036344478203904 1417507982714863565/2684145377912815616\n-2771084431589011279/144115188075855872 -11326778242818165935/504403158265495552 0\n-1361241856601112997/72057594037927936 -44397485926535542995/2017612633061982208 0\n-39/2 -3151/149 145/1192\n\n52\n3 16 14 1\n3 3 2 15\n3 6 8 5\n3 4 10 7\n3 21 20 17\n3 18 25 0\n3 2 6 5\n3 5 1 2\n3 3 7 6\n3 6 2 3\n3 0 4 7\n3 7 3 0\n3 10 8 7\n3 6 7 8\n3 10 4 9\n3 9 4 11\n3 14 9 11\n3 13 15 8\n3 11 4 5\n3 5 8 11\n3 10 12 13\n3 12 10 9\n3 15 13 3\n3 13 12 3\n3 14 0 12\n3 12 0 3\n3 13 8 10\n3 11 15 14\n3 15 11 8\n3 14 2 1\n3 2 14 15\n3 9 14 12\n3 14 16 23\n3 14 24 0\n3 17 18 0\n3 25 18 20\n3 5 19 16\n3 16 1 5\n3 19 5 4\n3 16 22 23\n3 25 20 21\n3 0 25 4\n3 22 25 21\n3 21 24 22\n3 16 19 22\n3 23 24 14\n3 17 24 21\n3 25 19 4\n3 19 25 22\n3 17 0 24\n3 23 22 24\n3 17 20 18\n","hash":"guWHuMQ/h1Tj8sCc3sCwZXqyaEuGlCdL1+0S0/6LPKU="},"cache":{"boundingBox":[[326.84529690321176,9.636694716041857,9.999999999999647],[397.95973835723873,80.77406738663935,33.65771812080574]]},"hash":"mgoQZLHT+XOtnarN3A8rBoxkKAtPCHkXXBiBGBju/xI="}],"hash":"LdxuipOwCS1x0aatRRXV0oDwlC6jhFhZO8YrjE+2kTA="}],"hash":"yC9qb8sUXA2lcv/NBKZW56INZT7f1XNgl4Zs+pFh2YU="},{"type":"plan","tags":["color:#3c3c3c","user:Solar"],"matrix":[0.7076142131979695,0.7065989847715736,0,0,-0.6639185091813443,0.6648724150853405,0.3422818791946308,0,0.24185602834463257,-0.24220352263823117,0.9395973154362416,0,362.2211256089667,45.387033693319246,21.1241610738255,1,"697/985","-19488/29353","35496/146765","106322767/293530","696/985","19516/29353","-35547/146765","6661228/146765","0","51/149","140/149","6295/298","1"],"plan":{"type":"Box","history":[{"corner1":[18.5,31,0]},{"corner2":[-18.5,-31,0]}]},"content":[{"type":"graph","matrix":[0.7076142131979695,0.7065989847715736,0,0,-0.6639185091813443,0.6648724150853405,0.3422818791946308,0,0.24185602834463257,-0.24220352263823117,0.9395973154362416,0,362.2211256089667,45.387033693319246,21.1241610738255,1,"697/985","-19488/29353","35496/146765","106322767/293530","696/985","19516/29353","-35547/146765","6661228/146765","0","51/149","140/149","6295/298","1"],"tags":["color:#3c3c3c","user:Solar"],"graph":{"isClosed":true,"isEmpty":false,"isLazy":true,"provenance":"algorithm/cgal/fromSurfaceMeshToLazyGraph","serializedSurfaceMesh":"8\n-37/2 31 0\n-37/2 -31 0\n37/2 -31 0\n37/2 31 0\n-37/2 31 3/2\n-37/2 -31 3/2\n37/2 -31 3/2\n37/2 31 3/2\n\n12\n3 0 2 1\n3 2 0 3\n3 5 6 4\n3 7 4 6\n3 1 5 4\n3 4 0 1\n3 2 6 5\n3 5 1 2\n3 3 7 6\n3 6 2 3\n3 0 4 7\n3 7 3 0\n","hash":"iHbRm4ngowT5Cto0wSOzfqWBZnB/19B35ndJihYoaXg="},"cache":{"boundingBox":[[328.54878888018175,11.340602323441471,10.513422818791593],[396.2562463802687,79.07015977923976,33.144295302013795]]},"hash":"ff4ecyksykEqxVL7JpASuEIODFHD4HxhnbUGsc0okt8="}],"hash":"z7H8CV3BVx/qcWkqGpxJqoDwVi0ALRtpPYJm4I8SWOU="}],"hash":"PqXKXksXSFWIcbw+isWaciDkXsnB7mGSm91DGOInCjU="}],"hash":"cVShuxKYQKQvBRzSBLKBSyP5GIhm1zXDVHzza7HCLL0="},{"type":"group","tags":[],"matrix":[0.7076142131979695,0.7065989847715736,0,0,-0.6639185091813443,0.6648724150853405,0.3422818791946308,0,0.24185602834463257,-0.24220352263823117,0.9395973154362416,0,398.3045685279188,38.263959390862944,10,1,"697/985","-19488/29353","35496/146765","78466/197","696/985","19516/29353","-35547/146765","7538/197","0","51/149","140/149","10","1"],"content":[{"type":"group","tags":[],"matrix":[0.7076142131979695,0.7065989847715736,0,0,-0.6639185091813443,0.6648724150853405,0.3422818791946308,0,0.24185602834463257,-0.24220352263823117,0.9395973154362416,0,398.3045685279188,38.263959390862944,10,1,"697/985","-19488/29353","35496/146765","78466/197","696/985","19516/29353","-35547/146765","7538/197","0","51/149","140/149","10","1"],"content":[{"type":"item","tags":["part:{\"BOMitemName\":\"Support Rail\",\"numberNeeded\":2,\"costUSD\":3.6,\"source\":\"www.example.com\",\"totalNeeded\":1,\"radius\":0.015384615384615385}"],"matrix":[0.7076142131979695,0.7065989847715736,0,0,-0.6639185091813443,0.6648724150853405,0.3422818791946308,0,0.24185602834463257,-0.24220352263823117,0.9395973154362416,0,391.6653834361053,44.91268354171635,13.422818791946307,1,"697/985","-19488/29353","35496/146765","11496554/29353","696/985","19516/29353","-35547/146765","1318322/29353","0","51/149","140/149","2000/149","1"],"content":[{"type":"plan","tags":["color:#bababa"],"matrix":[-0.24185602834463257,0.24220352263823117,-0.9395973154362416,0,-0.6639185091813443,0.6648724150853405,0.3422818791946308,0,0.7076142131979695,0.7065989847715736,0,0,391.544455421933,45.03378530303546,12.953020134228186,1,"-35496/146765","-19488/29353","697/985","57465022/146765","35547/146765","19516/29353","696/985","13218767/293530","-140/149","51/149","0","1930/149","1"],"plan":{"type":"Box","history":[{"corner1":[0.5,0.5,0]},{"corner2":[-0.5,-0.5,0]}]},"content":[{"type":"graph","matrix":[-0.24185602834463257,0.24220352263823117,-0.9395973154362416,0,-0.6639185091813443,0.6648724150853405,0.3422818791946308,0,0.7076142131979695,0.7065989847715736,0,0,391.544455421933,45.03378530303546,12.953020134228186,1,"-35496/146765","-19488/29353","697/985","57465022/146765","35547/146765","19516/29353","696/985","13218767/293530","-140/149","51/149","0","1930/149","1"],"tags":["color:#bababa","color:#bababa"],"graph":{"isClosed":true,"isEmpty":false,"isLazy":true,"provenance":"algorithm/cgal/fromSurfaceMeshToLazyGraph","serializedSurfaceMesh":"20\n1/2 -1/2 0\n1/2 1/2 0\n1/2 1319054290860958689/10088063165309911040 2117846593999356325/72057594037927936\n1/2 -1/2 40\n1/2 1/2 40\n1/2 1319054290860958689/10088063165309911040 2205609048276319835/72057594037927936\n-1/2 1/2 2401446051516838576421326696083586895/81703838958186787213998914369748992\n-1/2 998798317359056685/2017612633061982208 2205609048276319835/72057594037927936\n1/2 1/2 2494437180617196482286858269509845169/81703838958186787213998914369748992\n1/2 1/2 2407793156874010750553076592675094351/81703838958186787213998914369748992\n1/2 -807270233206161259/2522015791327477760 4284293906385497935/144115188075855872\n-1/2 1/2 2500784285974368656418608166101352625/81703838958186787213998914369748992\n1/2 -807270233206161259/2522015791327477760 4362617378165854385/144115188075855872\n-1/2 -1/2 40\n-1/2 22292818155483985/504403158265495552 4362617378165854385/144115188075855872\n-1/2 998798317359056685/2017612633061982208 2117846593999356325/72057594037927936\n-1/2 1/2 40\n-1/2 1/2 0\n-1/2 -1/2 0\n-1/2 22292818155483985/504403158265495552 4284293906385497935/144115188075855872\n\n36\n3 0 18 17\n3 0 17 1\n3 3 16 13\n3 4 16 3\n3 3 13 0\n3 10 0 1\n3 0 10 3\n3 2 10 1\n3 10 12 3\n3 3 5 4\n3 7 11 5\n3 8 11 4\n3 9 2 1\n3 9 6 15\n3 19 14 12\n3 1 17 9\n3 15 2 9\n3 11 16 4\n3 19 12 10\n3 8 5 11\n3 15 18 19\n3 15 19 10\n3 11 7 16\n3 5 3 12\n3 16 7 13\n3 7 14 13\n3 13 18 0\n3 13 19 18\n3 17 6 9\n3 12 7 5\n3 19 13 14\n3 15 10 2\n3 7 12 14\n3 6 17 15\n3 8 4 5\n3 17 18 15\n","hash":"B3fFz+qCFrMYr9ltUq56hgawqw2KXBufsu2xUTCtPaE="},"cache":{"boundingBox":[[391.091568153169,44.580247334172775,12.312080536912399],[420.3019112186157,73.75128266276111,13.593959731544025]]},"hash":"X2N0Z/yNM67FNbgeUHcVXa7mZENtDtOlVj3CW7OGetU="}],"hash":"HGpKRRIyAbzrXBby9h00vAbN09IB0w+SXiEpR4Wap74="}],"hash":"fGG9TeTh+i11iKuyTw5mhahmDfKbJqpIWAME9u9Dvpk="},{"type":"item","tags":["part:{\"BOMitemName\":\"Support Rail\",\"numberNeeded\":2,\"costUSD\":3.6,\"source\":\"www.example.com\",\"totalNeeded\":1,\"radius\":0.015384615384615385}"],"matrix":[0.7076142131979695,0.7065989847715736,0,0,-0.6639185091813443,0.6648724150853405,0.3422818791946308,0,0.24185602834463257,-0.24220352263823117,0.9395973154362416,0,359.79729499540076,76.8265594658127,29.85234899328859,1,"697/985","-19488/29353","35496/146765","10561130/29353","696/985","19516/29353","-35547/146765","2255090/29353","0","51/149","140/149","4448/149","1"],"content":[{"type":"plan","tags":["color:#bababa"],"matrix":[-0.24185602834463257,0.24220352263823117,-0.9395973154362416,0,-0.6639185091813443,0.6648724150853405,0.3422818791946308,0,0.7076142131979695,0.7065989847715736,0,0,359.67636698122845,76.9476612271318,29.382550335570468,1,"-35496/146765","-19488/29353","697/985","52787902/146765","35547/146765","19516/29353","696/985","22586447/293530","-140/149","51/149","0","4378/149","1"],"plan":{"type":"Box","history":[{"corner1":[0.5,0.5,0]},{"corner2":[-0.5,-0.5,0]}]},"content":[{"type":"graph","matrix":[-0.24185602834463257,0.24220352263823117,-0.9395973154362416,0,-0.6639185091813443,0.6648724150853405,0.3422818791946308,0,0.7076142131979695,0.7065989847715736,0,0,359.67636698122845,76.9476612271318,29.382550335570468,1,"-35496/146765","-19488/29353","697/985","52787902/146765","35547/146765","19516/29353","696/985","22586447/293530","-140/149","51/149","0","4378/149","1"],"tags":["color:#bababa","color:#bababa"],"graph":{"isClosed":true,"isEmpty":false,"isLazy":true,"provenance":"algorithm/cgal/fromSurfaceMeshToLazyGraph","serializedSurfaceMesh":"22\n1/2 -1/2 0\n1/2 1/2 0\n1/2 -1/2 40\n1/2 1/2 40\n-1/2 -1/2 0\n1/2 -1/2 23794274333691941407/785603525242775404\n9/40 -1/2 1584937537154363297/52725068808239960\n1/2 13/51 19961381519119593697/649836473061557388\n1/2 -1/2 23341937180874582833/785603525242775404\n1/2 6/35 123/4\n1/2 13/51 19028806864573849583/649836473061557388\n782637740122311831/2684145377912815616 -212877465313268793/671036344478203904 530875536562966029/18014398509481984\n141/298 27/149 117/4\n1/2 6/35 117/4\n1/2 -991560825274962543/2522015791327477760 549988374005953011/18014398509481984\n1/2 -991560825274962543/2522015791327477760 530875536562966029/18014398509481984\n-1/2 1/2 0\n-1/2 1/2 40\n9/40 -1/2 1578566591340034303/52725068808239960\n141/298 27/149 123/4\n782637740122311831/2684145377912815616 -212877465313268793/671036344478203904 549988374005953011/18014398509481984\n-1/2 -1/2 40\n\n40\n3 0 4 16\n3 0 16 1\n3 2 17 21\n3 3 17 2\n3 1 15 0\n3 1 16 3\n3 3 10 1\n3 12 13 10\n3 21 6 5\n3 21 5 2\n3 9 3 2\n3 0 18 21\n3 20 6 19\n3 8 18 0\n3 5 20 14\n3 5 14 2\n3 10 18 12\n3 8 11 18\n3 9 7 3\n3 11 12 18\n3 10 13 1\n3 7 10 3\n3 8 15 11\n3 12 11 15\n3 9 14 20\n3 20 5 6\n3 15 13 12\n3 16 17 3\n3 15 1 13\n3 8 0 15\n3 7 19 10\n3 4 21 17\n3 16 4 17\n3 9 19 7\n3 21 4 0\n3 18 6 21\n3 9 2 14\n3 18 10 19\n3 6 18 19\n3 9 20 19\n","hash":"n1RemeNJsv5Z9xTApy7UYuZSJR6OEMbOREIJOFVGJMQ="},"cache":{"boundingBox":[[359.2234797124646,76.49412325826918,28.741610738254618],[388.43382277791125,105.66515858685746,30.0234899328863]]},"hash":"psYv6WPjyhz1cu9qOOUlR8Z6aODnlL1dbKm8L74zxhs="}],"hash":"RgN0a5W1uT6xJ4xY5ySY0QwquBlsa3mr0vJeB5yVBMc="}],"hash":"BZ080y3fsu1n2LA0G6kZQCB57f/8QW/Fo7A9lxDa5kw="}],"hash":"9mMqGB19GIaxROxKfaOdlGXOTLWn6WO7ki3UEwkdsl8="},{"type":"group","tags":[],"matrix":[0.7076142131979695,0.7065989847715736,0,0,-0.6639185091813443,0.6648724150853405,0.3422818791946308,0,0.24185602834463257,-0.24220352263823117,0.9395973154362416,0,390.5256941368855,73.65099308418219,21.1241610738255,1,"697/985","-19488/29353","35496/146765","114631007/293530","696/985","19516/29353","-35547/146765","10809388/146765","0","51/149","140/149","6295/298","1"],"content":[{"type":"item","tags":["part:{\"BOMitemName\":\"400 Watt Solar Pannel\",\"numberNeeded\":1,\"costUSD\":312,\"source\":\"https://www.ecodirect.com/Canadian-Solar-CS1Y-400W-All-Black-Solar-Panel-p/canadian-solar-cs1y-400m5.htm\",\"totalNeeded\":1,\"radius\":0.015384615384615385}"],"matrix":[