{"type":"group","tags":[],"content":[{"type":"group","tags":[],"content":[{"type":"plan","tags":["color:#fffcf7"],"matrix":[1,0,0,0,0,1,0,0,0,0,1,0,300,180,0,1,"1","0","0","300","0","1","0","180","0","0","1","0","1"],"plan":{"type":"Box","history":[{"corner1":[300,180,0]},{"corner2":[-300,-180,0]}]},"content":[{"type":"graph","matrix":[1,0,0,0,0,1,0,0,0,0,1,0,300,180,0,1,"1","0","0","300","0","1","0","180","0","0","1","0","1"],"tags":["color:#fffcf7"],"graph":{"isClosed":true,"isEmpty":false,"isLazy":true,"provenance":"algorithm/cgal/fromSurfaceMeshToLazyGraph","serializedSurfaceMesh":"20\n300 -180 0\n300 144 0\n-36 144 0\n-36 180 0\n-300 -180 0\n-300 180 0\n-36 180 10\n300 144 10\n-300 180 10\n-180 48 10\n-180 24 10\n-228 24 10\n-228 48 0\n-180 24 0\n-180 48 0\n-228 48 10\n-228 24 0\n-300 -180 10\n300 -180 10\n-36 144 10\n\n40\n3 1 0 2\n3 2 5 3\n3 0 4 2\n3 4 13 2\n3 6 8 19\n3 8 17 11\n3 1 7 18\n3 18 0 1\n3 2 19 7\n3 7 1 2\n3 3 6 19\n3 19 2 3\n3 5 8 6\n3 6 3 5\n3 0 18 17\n3 17 4 0\n3 4 17 8\n3 8 5 4\n3 9 19 8\n3 9 10 19\n3 13 10 14\n3 11 17 10\n3 11 15 8\n3 14 15 12\n3 13 14 2\n3 4 5 16\n3 16 5 12\n3 14 5 2\n3 4 16 13\n3 14 12 5\n3 16 11 13\n3 11 16 15\n3 12 15 16\n3 10 13 11\n3 9 14 10\n3 9 8 15\n3 9 15 14\n3 19 17 18\n3 10 17 19\n3 7 19 18\n","hash":"BOGl6peL+R8bKhZ6CKBqt60h5vl2cUZARAM0UC5+JZQ="},"cache":{"boundingBox":[[-4.547473508864642e-13,-2.842170943040401e-13,-7.895e-321],[600.000000000001,360.0000000000006,10.000000000000014]]},"hash":"Y60+hRTwrpdy2lBliClerNSqI1SGji+7t9ROTRV1HN4="}],"hash":"1ZRvBVNHRrtN6/Xv+8OsTV6paz6V9LJFKMhq6XDY1+E="},{"type":"plan","tags":["color:#fffcf7"],"matrix":[1,0,0,0,0,1,0,0,0,0,1,0,96,216,0,1,"1","0","0","96","0","1","0","216","0","0","1","0","1"],"plan":{"type":"Box","history":[{"corner1":[24,12,0]},{"corner2":[-24,-12,0]}]},"content":[{"type":"graph","matrix":[1,0,0,0,0,1,0,0,0,0,1,0,96,216,0,1,"1","0","0","96","0","1","0","216","0","0","1","0","1"],"tags":["color:#fffcf7"],"graph":{"isClosed":true,"isEmpty":false,"isLazy":true,"provenance":"algorithm/cgal/fromSurfaceMeshToLazyGraph","serializedSurfaceMesh":"8\n-24 12 0\n-24 -12 0\n24 -12 0\n24 12 0\n-24 12 60\n-24 -12 60\n24 -12 60\n24 12 60\n\n12\n3 0 2 1\n3 2 0 3\n3 5 6 4\n3 7 4 6\n3 1 5 4\n3 4 0 1\n3 2 6 5\n3 5 1 2\n3 3 7 6\n3 6 2 3\n3 0 4 7\n3 7 3 0\n","hash":"n3UVjgjpp1+sD13gz800Ub5v6ow/znQD+KHYKLr5iSw="},"cache":{"boundingBox":[[71.99999999999984,203.99999999999966,-4.397e-321],[120.00000000000018,228.00000000000037,60.00000000000007]]},"hash":"75N6/t9rVG81YWeGlqHQtQ6ZYUTap6B22AU+xcuZlRw="}],"hash":"1Gwl4IjFoaRvNhmLGfuP8Pnh55lUBFT/iGzbCRHTAHI="},{"type":"group","tags":[],"matrix":[1,0,0,0,0,1,0,0,0,0,1,0,390,276,10,1,"1","0","0","390","0","1","0","276","0","0","1","10","1"],"content":[{"type":"plan","tags":["color:#fffcf7"],"matrix":[1,0,0,0,0,1,0,0,0,0,1,0,342,222,10,1,"1","0","0","342","0","1","0","222","0","0","1","10","1"],"plan":{"type":"Box","history":[{"corner1":[10,5,0]},{"corner2":[-10,-5,0]}]},"content":[{"type":"graph","matrix":[1,0,0,0,0,1,0,0,0,0,1,0,390,276,10,1,"1","0","0","390","0","1","0","276","0","0","1","10","1"],"tags":["color:#fffcf7"],"graph":{"isClosed":true,"isEmpty":false,"isLazy":true,"provenance":"algorithm/cgal/fromSurfaceMeshToLazyGraph","serializedSurfaceMesh":"8\n-58 -49 0\n-58 -59 0\n-38 -59 0\n-38 -49 0\n-58 -49 14\n-58 -59 14\n-38 -59 14\n-38 -49 14\n\n12\n3 0 2 1\n3 3 2 0\n3 5 6 4\n3 4 6 7\n3 1 5 4\n3 4 0 1\n3 2 6 5\n3 5 1 2\n3 3 7 6\n3 6 2 3\n3 0 4 7\n3 7 3 0\n","hash":"h2vFCvuKr8f6uWw4tJfvqyJm6CNCGUdYfVDeBntP2R4="},"cache":{"boundingBox":[[331.9999999999994,216.99999999999952,9.999999999999984],[352.0000000000006,227.00000000000048,24.000000000000032]]},"hash":"vUDOlwJlGo76sg8NAdZFsTK9YwB7oyMjJAKb731voqg="}],"hash":"WCAzIaLF+pKAmBtdp3dGBix+DiCPxWB2c7rV8nbpk2c="},{"type":"plan","tags":["color:#fffcf7"],"matrix":[1,0,0,0,0,1,0,0,0,0,1,0,390,222,10,1,"1","0","0","390","0","1","0","222","0","0","1","10","1"],"plan":{"type":"Arc","history":[{"corner1":[5,5,0]},{"corner2":[-5,-5,0]},{"sides":21}]},"content":[{"type":"graph","matrix":[1,0,0,0,0,1,0,0,0,0,1,0,390,276,10,1,"1","0","0","390","0","1","0","276","0","0","1","10","1"],"tags":["color:#fffcf7"],"graph":{"isClosed":true,"isEmpty":false,"isLazy":true,"provenance":"algorithm/cgal/fromSurfaceMeshToLazyGraph","serializedSurfaceMesh":"78\n1402043918085275/281474976710656 -483052760032035423/9007199254740992 0\n41930065496208065/9007199254740992 -469912175753438583/9007199254740992 0\n45/16 -224592555330172129/4503599627370496 0\n13245881256972045/9007199254740992 -443310850276817523/9007199254740992 0\n2202847643822525/562949953421312 -458347479057291613/9007199254740992 0\n0 -49 0\n-13245881256972045/9007199254740992 -443310850276817523/9007199254740992 0\n-2202847643822525/562949953421312 -458347479057291613/9007199254740992 0\n-41930065496208065/9007199254740992 -469912175753438583/9007199254740992 0\n-45/16 -224592555330172129/4503599627370496 0\n-15312238733059685/4503599627370496 -519415157023397203/9007199254740992 0\n-43881227138481755/9007199254740992 -496396758927948003/9007199254740992 0\n-39031196770544295/9007199254740992 -113/2 0\n-1402043918085275/281474976710656 -483052760032035423/9007199254740992 0\n-39161735890178225/18014398509481984 -131730289100587007/2251799813685248 0\n-27021597764222975/36028797018963968 -530882153664975093/9007199254740992 0\n27021597764222975/36028797018963968 -530882153664975093/9007199254740992 0\n39161735890178225/18014398509481984 -131730289100587007/2251799813685248 0\n15312238733059685/4503599627370496 -519415157023397203/9007199254740992 0\n39031196770544295/9007199254740992 -113/2 0\n43881227138481755/9007199254740992 -496396758927948003/9007199254740992 0\n1402043918085275/281474976710656 -483052760032035423/9007199254740992 14\n45/16 -224592555330172129/4503599627370496 14\n13245881256972045/9007199254740992 -443310850276817523/9007199254740992 14\n2202847643822525/562949953421312 -458347479057291613/9007199254740992 14\n0 -49 14\n-13245881256972045/9007199254740992 -443310850276817523/9007199254740992 14\n-2202847643822525/562949953421312 -458347479057291613/9007199254740992 14\n-41930065496208065/9007199254740992 -469912175753438583/9007199254740992 14\n-45/16 -224592555330172129/4503599627370496 14\n-15312238733059685/4503599627370496 -519415157023397203/9007199254740992 14\n-43881227138481755/9007199254740992 -496396758927948003/9007199254740992 14\n-39031196770544295/9007199254740992 -113/2 14\n-1402043918085275/281474976710656 -483052760032035423/9007199254740992 14\n8576801652068102979933982372735052213/1809446435821252013541483914333257728 -3961974551601815790562954437812852471/75393601492552167230895163097219072 7415/538\n-27021597764222975/36028797018963968 -530882153664975093/9007199254740992 14\n27021597764222975/36028797018963968 -530882153664975093/9007199254740992 14\n39161735890178225/18014398509481984 -131730289100587007/2251799813685248 14\n15312238733059685/4503599627370496 -519415157023397203/9007199254740992 14\n39031196770544295/9007199254740992 -113/2 14\n43881227138481755/9007199254740992 -496396758927948003/9007199254740992 14\n-39161735890178225/18014398509481984 -131730289100587007/2251799813685248 251611361290957620499/18021435383899750400\n44125250943842973909/28390692050943606784 -6399382241735565237/110901140823998464 0\n1837603497340746433/1774418253183975424 -807381230865886362865/14195346025471803392 0\n8967013288835224545/14195346025471803392 -823699749569854051607/14195346025471803392 0\n103/197 -89919/1576 0\n-3421700279348061914692156240474975/2476946133742552779389860348690432 -309203624241427829166029407706640417/5263510534202924656203453240967168 14\n21201099415043937839/14195346025471803392 -811483215934500731015/14195346025471803392 4\n2318183393675409115895722296287405737/526739535024465074829643463237042176 -3406095561816492470960855632618232985/65842441878058134353705432904630272 14\n44125250943842973909/28390692050943606784 -6399382241735565237/110901140823998464 4\n-2456917036037476026519390258947002103/1070468800111320316872631252909293568 -7816774540592044185164597044021063929/133808600013915039609078906613661696 14\n8967013288835224545/14195346025471803392 -823699749569854051607/14195346025471803392 4\n103/197 -89919/1576 4\n1837603497340746433/1774418253183975424 -807381230865886362865/14195346025471803392 4\n-962003727807331135815849012904098515/666298509976746697655872433797726208 -83148495687888546691058189590250443437/1415884333700586732518728921820168192 7415/538\n31984222106018658432331764508676425/6726566675915434994578007116480512 -14747220284643131173253297566633747/280273611496476458107416963186688 14\n21201099415043937839/14195346025471803392 -811483215934500731015/14195346025471803392 0\n609295651145306493/1774418253183975424 -817193595410529418225/14195346025471803392 0\n41930065496208065/9007199254740992 -469912175753438583/9007199254740992 31993986084005721709997/2306743729139168051200\n33206958977661284779/28390692050943606784 -103071530072258144907/1774418253183975424 4\n609295651145306493/1774418253183975424 -817193595410529418225/14195346025471803392 4\n33206958977661284779/28390692050943606784 -103071530072258144907/1774418253183975424 0\n1472/985 -228631/3940 14\n3801587304967451837/17744182531839754240 -1020235903165790670349/17744182531839754240 14\n5891/3940 -56113/985 14\n5891/3940 -56113/985 4\n17123235002729378291/17744182531839754240 -1006933368305471730877/17744182531839754240 4\n428/985 -224449/3940 4\n17123235002729378291/17744182531839754240 -1006933368305471730877/17744182531839754240 14\n428/985 -224449/3940 14\n30425769863048317763/17744182531839754240 -1020255016003233657331/17744182531839754240 14\n1709/3940 -57157/985 14\n17104122165286391309/17744182531839754240 -1033557550863552596803/17744182531839754240 14\n30425769863048317763/17744182531839754240 -1020255016003233657331/17744182531839754240 4\n17104122165286391309/17744182531839754240 -1033557550863552596803/17744182531839754240 4\n1472/985 -228631/3940 4\n1709/3940 -57157/985 4\n3801587304967451837/17744182531839754240 -1020235903165790670349/17744182531839754240 4\n\n156\n3 0 4 1\n3 3 2 5\n3 2 4 0\n3 5 2 9\n3 6 5 9\n3 9 2 13\n3 7 13 8\n3 7 9 13\n3 13 2 0\n3 11 14 10\n3 12 11 10\n3 11 13 14\n3 14 13 15\n3 15 13 16\n3 42 0 16\n3 17 16 0\n3 18 17 20\n3 19 18 20\n3 20 17 0\n3 25 22 23\n3 73 49 75\n3 29 22 25\n3 29 25 26\n3 33 22 29\n3 28 33 27\n3 33 29 27\n3 33 50 22\n3 30 31 32\n3 42 49 56\n3 56 0 42\n3 59 61 51\n3 21 70 37\n3 40 37 38\n3 40 38 39\n3 21 37 40\n3 21 0 1\n3 3 23 22\n3 22 2 3\n3 5 25 23\n3 23 3 5\n3 2 22 24\n3 24 4 2\n3 6 26 25\n3 25 5 6\n3 9 29 26\n3 26 6 9\n3 8 28 27\n3 27 7 8\n3 13 33 28\n3 28 8 13\n3 7 27 29\n3 29 9 7\n3 14 41 30\n3 30 10 14\n3 12 32 31\n3 31 11 12\n3 10 30 32\n3 32 12 10\n3 11 31 33\n3 33 13 11\n3 24 58 4\n3 54 41 14\n3 16 36 35\n3 35 15 16\n3 17 37 36\n3 36 16 17\n3 18 38 37\n3 37 17 18\n3 19 39 38\n3 38 18 19\n3 20 40 39\n3 39 19 20\n3 0 21 40\n3 40 20 0\n3 61 42 16\n3 31 50 33\n3 30 50 31\n3 13 0 43\n3 46 55 34\n3 44 61 16\n3 61 59 42\n3 54 34 50\n3 16 57 44\n3 41 50 30\n3 14 15 54\n3 54 50 41\n3 60 51 44\n3 24 48 58\n3 58 50 34\n3 45 13 43\n3 65 49 73\n3 43 53 45\n3 50 58 48\n3 36 46 35\n3 4 58 1\n3 35 46 54\n3 57 60 44\n3 35 54 15\n3 59 49 42\n3 54 46 34\n3 13 45 57\n3 56 47 43\n3 13 57 16\n3 57 45 52\n3 50 48 24\n3 47 49 65\n3 24 22 50\n3 49 59 75\n3 43 0 56\n3 44 51 61\n3 34 55 21\n3 1 34 21\n3 1 58 34\n3 52 60 57\n3 53 67 52\n3 75 70 73\n3 47 56 49\n3 67 53 66\n3 66 53 47\n3 68 66 64\n3 52 45 53\n3 53 43 47\n3 69 63 67\n3 77 71 76\n3 46 69 55\n3 21 55 68\n3 68 64 21\n3 66 69 67\n3 68 55 69\n3 46 63 69\n3 70 62 37\n3 36 37 62\n3 65 73 70\n3 70 64 65\n3 68 69 66\n3 65 64 66\n3 64 70 21\n3 62 70 75\n3 36 72 71\n3 71 72 76\n3 63 71 77\n3 67 63 77\n3 62 72 36\n3 66 47 65\n3 74 51 76\n3 36 71 46\n3 71 63 46\n3 60 67 77\n3 75 74 72\n3 74 59 51\n3 74 75 59\n3 72 62 75\n3 67 60 52\n3 76 72 74\n3 77 76 51\n3 51 60 77\n","hash":"Vx+nuvkwRm+Q5kEmte8Oa4oZsb0e+WvEG26V7K7DyHc="},"cache":{"boundingBox":[[385.01893939393875,217.06024096385494,9.999999999999984],[394.98106060606125,227.00000000000048,24.000000000000032]]},"hash":"dbplOT8YP2/6JcdkD19Lj5YYCJg08qOQzZ3+caDmx90="}],"hash":"Ny90+v0oNZkLxI0GqpFxaJ4ECVfbp9QjaavmvTRUKD0="},{"type":"plan","tags":["color:#fffcf7"],"matrix":[1,0,0,0,0,1,0,0,0,0,1,0,390,258,10,1,"1","0","0","390","0","1","0","258","0","0","1","10","1"],"plan":{"type":"Arc","history":[{"corner1":[4,4,0]},{"corner2":[-4,-4,0]},{"sides":19}]},"content":[{"type":"graph","matrix":[1,0,0,0,0,1,0,0,0,0,1,0,390,276,10,1,"1","0","0","390","0","1","0","276","0","0","1","10","1"],"tags":["color:#fffcf7"],"graph":{"isClosed":true,"isEmpty":false,"isLazy":true,"provenance":"algorithm/cgal/fromSurfaceMeshToLazyGraph","serializedSurfaceMesh":"38\n-8256599316845909/2251799813685248 -88317343341940895/4503599627370496 0\n-4483759981434943/1125899906842624 -330263972673836373/18014398509481984 0\n-6622940628486023/2251799813685248 -46634047754384813/2251799813685248 0\n-4289142502257615/2251799813685248 -6057341498813317/281474976710656 0\n-2947810665187961/4503599627370496 -6176132097680191/281474976710656 0\n2947810665187961/4503599627370496 -6176132097680191/281474976710656 0\n4289142502257615/2251799813685248 -6057341498813317/281474976710656 0\n6622940628486023/2251799813685248 -46634047754384813/2251799813685248 0\n8256599316845909/2251799813685248 -88317343341940895/4503599627370496 0\n4483759981434943/1125899906842624 -330263972673836373/18014398509481984 0\n-31/8 -76653103861775381/4503599627370496 0\n31/8 -76653103861775381/4503599627370496 0\n7546572348566777/2251799813685248 -35599882768738207/2251799813685248 0\n2763572498613713/1125899906842624 -33421449866275787/2251799813685248 0\n5842507624696859/4503599627370496 -32012073026984877/2251799813685248 0\n0 -14 0\n-5842507624696859/4503599627370496 -32012073026984877/2251799813685248 0\n-2763572498613713/1125899906842624 -33421449866275787/2251799813685248 0\n-7546572348566777/2251799813685248 -35599882768738207/2251799813685248 0\n-8256599316845909/2251799813685248 -88317343341940895/4503599627370496 14\n-4483759981434943/1125899906842624 -330263972673836373/18014398509481984 14\n-6622940628486023/2251799813685248 -46634047754384813/2251799813685248 14\n-4289142502257615/2251799813685248 -6057341498813317/281474976710656 14\n-2947810665187961/4503599627370496 -6176132097680191/281474976710656 14\n2947810665187961/4503599627370496 -6176132097680191/281474976710656 14\n4289142502257615/2251799813685248 -6057341498813317/281474976710656 14\n6622940628486023/2251799813685248 -46634047754384813/2251799813685248 14\n8256599316845909/2251799813685248 -88317343341940895/4503599627370496 14\n4483759981434943/1125899906842624 -330263972673836373/18014398509481984 14\n-31/8 -76653103861775381/4503599627370496 14\n31/8 -76653103861775381/4503599627370496 14\n7546572348566777/2251799813685248 -35599882768738207/2251799813685248 14\n2763572498613713/1125899906842624 -33421449866275787/2251799813685248 14\n5842507624696859/4503599627370496 -32012073026984877/2251799813685248 14\n0 -14 14\n-5842507624696859/4503599627370496 -32012073026984877/2251799813685248 14\n-2763572498613713/1125899906842624 -33421449866275787/2251799813685248 14\n-7546572348566777/2251799813685248 -35599882768738207/2251799813685248 14\n\n72\n3 2 0 1\n3 3 2 4\n3 2 1 4\n3 4 1 5\n3 5 1 9\n3 6 5 7\n3 7 5 9\n3 8 7 9\n3 9 1 11\n3 11 1 10\n3 12 11 13\n3 13 11 14\n3 14 11 15\n3 15 11 10\n3 16 15 10\n3 17 16 10\n3 18 17 10\n3 20 19 21\n3 23 21 22\n3 23 20 21\n3 24 20 23\n3 28 20 24\n3 26 24 25\n3 28 24 26\n3 28 26 27\n3 30 20 28\n3 29 20 30\n3 32 30 31\n3 33 30 32\n3 34 30 33\n3 29 30 34\n3 29 34 35\n3 29 35 36\n3 29 36 37\n3 2 21 19\n3 19 0 2\n3 0 19 20\n3 20 1 0\n3 3 22 21\n3 21 2 3\n3 4 23 22\n3 22 3 4\n3 5 24 23\n3 23 4 5\n3 6 25 24\n3 24 5 6\n3 7 26 25\n3 25 6 7\n3 8 27 26\n3 26 7 8\n3 9 28 27\n3 27 8 9\n3 11 30 28\n3 28 9 11\n3 1 20 29\n3 29 10 1\n3 12 31 30\n3 30 11 12\n3 13 32 31\n3 31 12 13\n3 14 33 32\n3 32 13 14\n3 15 34 33\n3 33 14 15\n3 16 35 34\n3 34 15 16\n3 17 36 35\n3 35 16 17\n3 18 37 36\n3 36 17 18\n3 10 29 37\n3 37 18 10\n","hash":"37Uc/X2TwgCo4MMAm2fLbACMVafQtcsenhWraIaIgTU="},"cache":{"boundingBox":[[386.0176211453738,254.05797101449227,9.999999999999984],[393.9823788546262,262.00000000000057,24.000000000000032]]},"hash":"i/RG0faxuQtGhNCQwTsv63Nh4ZHAv2Wfj/4m0BJ/h4E="}],"hash":"oVf7OZnIzPYv1bFHpIgQ6SVROP12HEXCeKlWX15i40g="},{"type":"plan","tags":["color:#fffcf7"],"matrix":[1,0,0,0,0,1,0,0,0,0,1,0,390,276,10,1,"1","0","0","390","0","1","0","276","0","0","1","10","1"],"plan":{"type":"Arc","history":[{"corner1":[2,2,0]},{"corner2":[-2,-2,0]},{"sides":13}]},"content":[{"type":"graph","matrix":[1,0,0,0,0,1,0,0,0,0,1,0,390,276,10,1,"1","0","0","390","0","1","0","276","0","0","1","10","1"],"tags":["color:#fffcf7"],"graph":{"isClosed":true,"isEmpty":false,"isLazy":true,"provenance":"algorithm/cgal/fromSurfaceMeshToLazyGraph","serializedSurfaceMesh":"26\n8932759591478669/4503599627370496 1080863910568919/4503599627370496 0\n3708846751952173/2251799813685248 639024271451219/562949953421312 0\n8363827879402349/9007199254740992 1991976758260027/1125899906842624 0\n0 2 0\n-8363827879402349/9007199254740992 1991976758260027/1125899906842624 0\n-3708846751952173/2251799813685248 639024271451219/562949953421312 0\n-8932759591478669/4503599627370496 1080863910568919/4503599627370496 0\n-8426089625402863/4503599627370496 -6392205922719413/9007199254740992 0\n-2982113266772355/2251799813685248 -3366768653471147/2251799813685248 0\n-1080863910568919/2251799813685248 -8742281629601551/4503599627370496 0\n1080863910568919/2251799813685248 -8742281629601551/4503599627370496 0\n2982113266772355/2251799813685248 -3366768653471147/2251799813685248 0\n8426089625402863/4503599627370496 -6392205922719413/9007199254740992 0\n8932759591478669/4503599627370496 1080863910568919/4503599627370496 14\n3708846751952173/2251799813685248 639024271451219/562949953421312 14\n8363827879402349/9007199254740992 1991976758260027/1125899906842624 14\n0 2 14\n-8363827879402349/9007199254740992 1991976758260027/1125899906842624 14\n-3708846751952173/2251799813685248 639024271451219/562949953421312 14\n-8932759591478669/4503599627370496 1080863910568919/4503599627370496 14\n-8426089625402863/4503599627370496 -6392205922719413/9007199254740992 14\n-2982113266772355/2251799813685248 -3366768653471147/2251799813685248 14\n-1080863910568919/2251799813685248 -8742281629601551/4503599627370496 14\n1080863910568919/2251799813685248 -8742281629601551/4503599627370496 14\n2982113266772355/2251799813685248 -3366768653471147/2251799813685248 14\n8426089625402863/4503599627370496 -6392205922719413/9007199254740992 14\n\n48\n3 0 2 1\n3 4 8 6\n3 3 2 4\n3 5 4 6\n3 4 2 8\n3 7 6 8\n3 8 2 11\n3 9 8 10\n3 10 8 11\n3 11 2 0\n3 12 11 0\n3 14 15 13\n3 19 21 17\n3 17 15 16\n3 19 17 18\n3 21 15 17\n3 21 19 20\n3 24 15 21\n3 23 21 22\n3 24 21 23\n3 13 15 24\n3 13 24 25\n3 1 14 13\n3 13 0 1\n3 2 15 14\n3 14 1 2\n3 3 16 15\n3 15 2 3\n3 4 17 16\n3 16 3 4\n3 5 18 17\n3 17 4 5\n3 6 19 18\n3 18 5 6\n3 7 20 19\n3 19 6 7\n3 8 21 20\n3 20 7 8\n3 9 22 21\n3 21 8 9\n3 10 23 22\n3 22 9 10\n3 11 24 23\n3 23 10 11\n3 12 25 24\n3 24 11 12\n3 0 13 25\n3 25 12 0\n","hash":"ziq5ihbLAmyVFWaSLzaPUKgohIe39OmWDsF7yETD0Vw="},"cache":{"boundingBox":[[388.0165289256192,274.05882352941114,9.999999999999984],[391.9834710743808,278.00000000000057,24.000000000000032]]},"hash":"JOeF35OgiNnh6wOe2cSITcRs+z5fpK65WYf9FwRqa64="}],"hash":"eWZ34pdCGFCiHVcrShMwGJKwi755Sl5al4vfITjLnA0="}],"hash":"G9HCgBe7Wy1u9pTmJUeyUGok7yXx15QENsifpwM5DBc="}],"hash":"/HjgAIOx2aS7cMi0Yl9dzaubLrY8irfL5pCWEuXZVB0="},{"type":"group","tags":[],"matrix":[1,0,0,0,0,1,0,0,0,0,1,0,480,10,10,1,"1","0","0","480","0","1","0","10","0","0","1","10","1"],"content":[{"type":"group","tags":[],"matrix":[0.7076142131979695,0.7065989847715736,0,0,-0.7065989847715736,0.7076142131979695,0,0,0,0,1,0,370,10,10,1,"697/985","-696/985","0","370","696/985","697/985","0","10","0","0","1","10","1"],"content":[{"type":"group","tags":[],"matrix":[0.7076142131979695,0.7065989847715736,0,0,-0.7065989847715736,0.7076142131979695,0,0,0,0,1,0,370,10,10,1,"697/985","-696/985","0","370","696/985","697/985","0","10","0","0","1","10","1"],"content":[{"type":"group","tags":[],"matrix":[0.7076142131979695,0.7065989847715736,0,0,-0.6829581265450153,0.6839393882210858,0.25650557620817843,0,0.18124657973694638,-0.181506991489442,0.9665427509293679,0,370,10,10,1,"697/985","-36192/52993","48024/264965","370","696/985","36244/52993","-48093/264965","10","0","69/269","260/269","10","1"],"content":[{"type":"group","tags":[],"matrix":[0.7076142131979695,0.7065989847715736,0,0,-0.6829581265450153,0.6839393882210858,0.25650557620817843,0,0.18124657973694638,-0.181506991489442,0.9665427509293679,0,370,10,10,1,"697/985","-36192/52993","48024/264965","370","696/985","36244/52993","-48093/264965","10","0","69/269","260/269","10","1"],"content":[{"type":"item","tags":["part:{\"BOMitemName\":\"Support Rail\",\"numberNeeded\":2,\"costUSD\":3.6,\"source\":\"www.example.com\",\"totalNeeded\":1,\"radius\":0.015384615384615385}"],"matrix":[0.7076142131979695,0.7065989847715736,0,0,-0.6829581265450153,0.6839393882210858,0.25650557620817843,0,0.18124657973694638,-0.181506991489442,0.9665427509293679,0,363.1704187345498,16.839393882210857,12.565055762081784,1,"697/985","-36192/52993","48024/264965","19245490/52993","696/985","36244/52993","-48093/264965","892370/52993","0","69/269","260/269","3380/269","1"],"content":[{"type":"plan","tags":["color:#bababa"],"matrix":[-0.18124657973694638,0.181506991489442,-0.9665427509293679,0,-0.6829581265450153,0.6839393882210858,0.25650557620817843,0,0.7076142131979695,0.7065989847715736,0,0,363.07979544468134,16.930147377955578,12.0817843866171,1,"-48024/264965","-36192/52993","697/985","96203438/264965","48093/264965","36244/52993","696/985","8971793/529930","-260/269","69/269","0","3250/269","1"],"plan":{"type":"Box","history":[{"corner1":[0.5,0.5,0]},{"corner2":[-0.5,-0.5,0]}]},"content":[{"type":"graph","matrix":[-0.18124657973694638,0.181506991489442,-0.9665427509293679,0,-0.6829581265450153,0.6839393882210858,0.25650557620817843,0,0.7076142131979695,0.7065989847715736,0,0,363.07979544468134,16.930147377955578,12.0817843866171,1,"-48024/264965","-36192/52993","697/985","96203438/264965","48093/264965","36244/52993","696/985","8971793/529930","-260/269","69/269","0","3250/269","1"],"tags":["color:#bababa","color:#bababa"],"graph":{"isClosed":true,"isEmpty":false,"isLazy":true,"provenance":"algorithm/cgal/fromSurfaceMeshToLazyGraph","serializedSurfaceMesh":"16\n724937917376858221/1657324662872342528 1/2 2202847643822525/4503599627370496\n1/2 -1/2 40\n1/2 1/2 40\n205289083014305199/414331165718085632 -1/2 0\n205289083014305199/414331165718085632 -1/2 39161735890178225/144115188075855872\n1/2 9056313982752692551/18734974449861263360 2202847643822525/4503599627370496\n1/2 1/2 1549363472904170/3398943114996601\n-1/2 -1/2 0\n1/2 -1178942302453876359/18734974449861263360 43881227138481755/72057594037927936\n1/2 -1/2 9218681953165394023271538045924379/33809682203054752754898606091141120\n-1/2 1/2 80199295237675369007409977133724105/147505588454713058795743006479613952\n-1/2 758606337232630245/3746994889972252672 43881227138481755/72057594037927936\n-1/2 1/2 40\n-1/2 -1/2 40\n-1/2 -220901561722522775/936748722493063168 39161735890178225/144115188075855872\n-1/2 -220901561722522775/936748722493063168 0\n\n28\n3 1 12 13\n3 2 12 1\n3 6 2 5\n3 3 4 7\n3 8 5 1\n3 9 13 4\n3 0 5 10\n3 15 14 4\n3 0 2 6\n3 0 10 2\n3 1 13 9\n3 1 5 2\n3 5 0 6\n3 9 8 1\n3 14 8 9\n3 10 12 2\n3 12 7 13\n3 14 15 7\n3 3 7 15\n3 11 8 14\n3 9 4 14\n3 14 7 12\n3 8 10 5\n3 13 7 4\n3 8 11 10\n3 3 15 4\n3 12 10 11\n3 11 14 12\n","hash":"bsoj7BTQobZJ+932RMFdC48BNurcw4XAPRohJmWr6Cs="},"cache":{"boundingBox":[[362.9702497150969,16.497424188099608,11.470260223048056],[391.816466325742,45.626829958674556,12.693308550186172]]},"hash":"4ZDeh/UhOHTrs0nyud/luvrXztV8N2GDaeZaU7m0MD4="}],"hash":"evnRnvbPMKIGRsP8uLmJZn23+WlKgY22lGsNav0XIiw="}],"hash":"uZg64fbz/WhrlxPVUmL8dxwunpb6lexSEuqet9+12FM="},{"type":"item","tags":["part:{\"BOMitemName\":\"Support Rail\",\"numberNeeded\":2,\"costUSD\":3.6,\"source\":\"www.example.com\",\"totalNeeded\":1,\"radius\":0.015384615384615385}"],"matrix":[0.7076142131979695,0.7065989847715736,0,0,-0.6829581265450153,0.6839393882210858,0.25650557620817843,0,0.18124657973694638,-0.181506991489442,0.9665427509293679,0,330.3884286603891,49.66848451682297,24.877323420074347,1,"697/985","-36192/52993","48024/264965","17508274/52993","696/985","36244/52993","-48093/264965","2632082/52993","0","69/269","260/269","6692/269","1"],"content":[{"type":"plan","tags":["color:#bababa"],"matrix":[-0.18124657973694638,0.181506991489442,-0.9665427509293679,0,-0.6829581265450153,0.6839393882210858,0.25650557620817843,0,0.7076142131979695,0.7065989847715736,0,0,330.2978053705206,49.75923801256769,24.394052044609662,1,"-48024/264965","-36192/52993","697/985","87517358/264965","48093/264965","36244/52993","696/985","26368913/529930","-260/269","69/269","0","6562/269","1"],"plan":{"type":"Box","history":[{"corner1":[0.5,0.5,0]},{"corner2":[-0.5,-0.5,0]}]},"content":[{"type":"graph","matrix":[-0.18124657973694638,0.181506991489442,-0.9665427509293679,0,-0.6829581265450153,0.6839393882210858,0.25650557620817843,0,0.7076142131979695,0.7065989847715736,0,0,330.2978053705206,49.75923801256769,24.394052044609662,1,"-48024/264965","-36192/52993","697/985","87517358/264965","48093/264965","36244/52993","696/985","26368913/529930","-260/269","69/269","0","6562/269","1"],"tags":["color:#bababa","color:#bababa"],"graph":{"isClosed":true,"isEmpty":false,"isLazy":true,"provenance":"algorithm/cgal/fromSurfaceMeshToLazyGraph","serializedSurfaceMesh":"10\n1/2 -1/2 0\n1/2 1/2 0\n-1/2 -1/2 54153039421796449/128936759176514084\n1/2 -1/2 40\n1/2 1/2 40\n-1/2 -333/1040 0\n49/276 -1/2 0\n-1/2 1/2 40\n-1/2 -1/2 40\n-1/2 1/2 0\n\n16\n3 6 9 0\n3 0 9 1\n3 8 3 7\n3 4 7 3\n3 3 8 0\n3 1 4 3\n3 3 0 1\n3 5 2 9\n3 1 9 4\n3 5 9 6\n3 6 2 5\n3 7 9 8\n3 8 2 0\n3 7 4 9\n3 6 0 2\n3 9 2 8\n","hash":"/EE+5O6HQN6yJgJbf9cZgrYmE/93rb+prqm4rI7zxhI="},"cache":{"boundingBox":[[329.8657030173789,49.44949238578609,23.782527881040604],[359.0344762515812,78.45592059328666,25.005576208178724]]},"hash":"nrawg9jNrvfyeRF9jk2EOeb08pJ2lOPvsNNjdjpqei8="}],"hash":"BYhjs1XwpyWujG0z0KhCSryUcbqWub3joHd0yF5gaBs="}],"hash":"rEDPauehqdKdGLZE4oiP9orfXWq5IJQ0BNpPx5E6nEo="}],"hash":"hC5kQIeregO7HYC0ZcvnT6hewhg5tugp2J2ApBp51T8="},{"type":"group","tags":[],"matrix":[0.7076142131979695,0.7065989847715736,0,0,-0.6829581265450153,0.6839393882210858,0.25650557620817843,0,0.18124657973694638,-0.181506991489442,0.9665427509293679,0,361.60233804464735,46.00671032023097,18.336431226765797,1,"697/985","-36192/52993","48024/264965","191623927/529930","696/985","36244/52993","-48093/264965","12190168/264965","0","69/269","260/269","9865/538","1"],"content":[{"type":"item","tags":["part:{\"BOMitemName\":\"400 Watt Solar Pannel\",\"numberNeeded\":1,\"costUSD\":312,\"source\":\"https://www.ecodirect.com/Canadian-Solar-CS1Y-400W-All-Black-Solar-Panel-p/canadian-solar-cs1y-400m5.htm\",\"totalNeeded\":1,\"radius\":0.015384615384615385}"],"matrix":[0.7076142131979695,0.7065989847715736,0,0,-0.6829581265450153,0.6839393882210858,0.25650557620817843,0,0.18124657973694638,-0.181506991489442,0.9665427509293679,0,361.60233804464735,46.00671032023097,18.336431226765797,1,"697/985","-36192/52993","48024/264965","191623927/529930","696/985","36244/52993","-48093/264965","12190168/264965","0","69/269","260/269","9865/538","1"],"content":[{"type":"plan","tags":["color:#bababa"],"matrix":[0.7076142131979695,0.7065989847715736,0,0,-0.6829581265450153,0.6839393882210858,0.25650557620817843,0,0.18124657973694638,-0.181506991489442,0.9665427509293679,0,361.60233804464735,46.00671032023097,18.336431226765797,1,"697/985","-36192/52993","48024/264965","191623927/529930","696/985","36244/52993","-48093/264965","12190168/264965","0","69/269","260/269","9865/538","1"],"plan":{"type":"Box","history":[{"corner1":[19.5,32.5,0]},{"corner2":[-19.5,-32.5,0]}]},"content":[{"type":"graph","matrix":[0.7076142131979695,0.7065989847715736,0,0,-0.6829581265450153,0.6839393882210858,0.25650557620817843,0,0.18124657973694638,-0.181506991489442,0.9665427509293679,0,361.60233804464735,46.00671032023097,18.336431226765797,1,"697/985","-36192/52993","48024/264965","191623927/529930","696/985","36244/52993","-48093/264965","12190168/264965","0","69/269","260/269","9865/538","1"],"tags":["color:#bababa"],"graph":{"isClosed":true,"isEmpty":false,"isLazy":true,"provenance":"algorithm/cgal/fromSurfaceMeshToLazyGraph","serializedSurfaceMesh":"36\n-39/2 65/2 0\n-39/2 -65/2 0\n39/2 -65/2 0\n39/2 65/2 0\n-39/2 65/2 3/2\n-39/2 -65/2 3/2\n39/2 -65/2 3/2\n39/2 65/2 3/2\n37/2 -31 3/2\n-37/2 31 3/2\n37/2 31 3/2\n-37/2 -31 3/2\n-37/2 31 0\n37/2 31 0\n-37/2 -31 0\n37/2 -31 0\n-39/2 -21297747817816444055/936748722493063168 0\n-39/2 26601/1040 3/2\n-39/2 -27079018659471949759/1211468299762663424 7004223320467963835/4845873199050653696\n-85617345089902147/4503599627370496 -81501727430101741093/3746994889972252672 0\n-1361241856601112997/72057594037927936 -83548778687143054875/3746994889972252672 0\n-39/2 -8947/416 0\n-85617345089902147/4503599627370496 -103858785610459132061/4845873199050653696 23285309545062962705/19383492796202614784\n-1361241856601112997/72057594037927936 -106331988802051797411/4845873199050653696 25910709856138253615/19383492796202614784\n-2771084431589011279/144115188075855872 -27079018659471949759/1211468299762663424 7004223320467963835/4845873199050653696\n-39/2 24987/1040 3/2\n-39/2 24573/1040 0\n-341724352213405197/18014398509481984 8990156552211149043/360287970189639680 0\n-39/2 26187/1040 0\n-75/4 12897/520 3/2\n-75/4 1269/52 0\n-2771084431589011279/144115188075855872 -21297747817816444055/936748722493063168 0\n-39/2 -5704/269 2455/2152\n-341724352213405197/18014398509481984 22719034430462564949/936748722493063168 3/2\n-341724352213405197/18014398509481984 118736525424476322903/4683743612465315840 3/2\n-341724352213405197/18014398509481984 111730681906581439401/4683743612465315840 0\n\n72\n3 16 14 1\n3 3 2 15\n3 6 8 5\n3 4 10 7\n3 2 6 5\n3 5 1 2\n3 3 7 6\n3 6 2 3\n3 0 4 7\n3 7 3 0\n3 10 8 7\n3 6 7 8\n3 10 4 9\n3 4 34 9\n3 14 9 11\n3 13 15 8\n3 5 8 11\n3 10 12 13\n3 12 10 9\n3 15 13 3\n3 13 12 3\n3 12 0 3\n3 13 8 10\n3 11 15 14\n3 15 11 8\n3 14 2 1\n3 2 14 15\n3 9 14 12\n3 18 16 1\n3 26 21 32\n3 16 31 14\n3 32 21 22\n3 26 35 21\n3 27 28 0\n3 26 32 25\n3 19 21 35\n3 30 14 35\n3 31 18 24\n3 5 18 1\n3 4 28 17\n3 25 18 5\n3 32 22 23\n3 24 32 23\n3 22 19 23\n3 24 23 20\n3 16 18 31\n3 33 25 11\n3 20 35 14\n3 28 4 0\n3 11 25 5\n3 17 34 4\n3 29 33 11\n3 29 11 9\n3 27 0 12\n3 14 30 12\n3 26 25 35\n3 30 33 29\n3 20 19 35\n3 20 31 24\n3 28 34 17\n3 25 33 35\n3 32 18 25\n3 18 32 24\n3 20 14 31\n3 20 23 19\n3 30 35 33\n3 19 22 21\n3 27 12 30\n3 30 29 34\n3 30 34 27\n3 9 34 29\n3 27 34 28\n","hash":"EkPzel4jeA3FJ8+hi3rWZwp+izyqI0yssUIVVWfZZzE="},"cache":{"boundingBox":[[325.6077217745732,9.727739512765103,9.999999999999705],[397.8688241843272,82.01342064046278,28.122676579925947]]},"hash":"FpxQuBJtMt07ew2fMKNYFDzOuCMYNCg4FwR2Ysk7w2o="}],"hash":"BaN6UiEBDI5EcX6DDsi8mxybodoTCggpqPlMsZPNBX4="}],"hash":"/21f0PM2RTWyLk8pLK8P1OGp4KY4LzIbxCxEcwQ9I6k="},{"type":"plan","tags":["color:#3c3c3c","user:Solar"],"matrix":[0.7076142131979695,0.7065989847715736,0,0,-0.6829581265450153,0.6839393882210858,0.25650557620817843,0,0.18124657973694638,-0.181506991489442,0.9665427509293679,0,361.60233804464735,46.00671032023097,18.336431226765797,1,"697/985","-36192/52993","48024/264965","191623927/529930","696/985","36244/52993","-48093/264965","12190168/264965","0","69/269","260/269","9865/538","1"],"plan":{"type":"Box","history":[{"corner1":[18.5,31,0]},{"corner2":[-18.5,-31,0]}]},"content":[{"type":"graph","matrix":[0.7076142131979695,0.7065989847715736,0,0,-0.6829581265450153,0.6839393882210858,0.25650557620817843,0,0.18124657973694638,-0.181506991489442,0.9665427509293679,0,361.60233804464735,46.00671032023097,18.336431226765797,1,"697/985","-36192/52993","48024/264965","191623927/529930","696/985","36244/52993","-48093/264965","12190168/264965","0","69/269","260/269","9865/538","1"],"tags":["color:#3c3c3c","user:Solar"],"graph":{"isClosed":true,"isEmpty":false,"isLazy":true,"provenance":"algorithm/cgal/fromSurfaceMeshToLazyGraph","serializedSurfaceMesh":"8\n-37/2 31 0\n-37/2 -31 0\n37/2 -31 0\n37/2 31 0\n-37/2 31 3/2\n-37/2 -31 3/2\n37/2 -31 3/2\n37/2 31 3/2\n\n12\n3 0 2 1\n3 2 0 3\n3 5 6 4\n3 7 4 6\n3 1 5 4\n3 4 0 1\n3 2 6 5\n3 5 1 2\n3 3 7 6\n3 6 2 3\n3 0 4 7\n3 7 3 0\n","hash":"iHbRm4ngowT5Cto0wSOzfqWBZnB/19B35ndJihYoaXg="},"cache":{"boundingBox":[[327.33977317758865,11.460247579868307,10.384758364311969],[396.13677278131166,80.28091257335957,27.73791821561368]]},"hash":"P7adbFSKSuTrAZAOjL0HhLdIJqP1O4m6kTQAGO1t/kc="}],"hash":"+YUh6rwUw2DJYfu1PwSAHX7DuTU9AZBBKuZ+riOoEIs="}],"hash":"Xu6ksUHE653cBuAmoY6fvv9PaPFJA55lU74r4HowuiA="}],"hash":"ofVDXc7y0qX7tImyo9Q6zHEUICqRXwITLX20gT4JZwA="},{"type":"group","tags":[],"matrix":[0.7076142131979695,0.7065989847715736,0,0,-0.6829581265450153,0.6839393882210858,0.25650557620817843,0,0.18124657973694638,-0.181506991489442,0.9665427509293679,0,398.3045685279188,38.263959390862944,10,1,"697/985","-36192/52993","48024/264965","78466/197","696/985","36244/52993","-48093/264965","7538/197","0","69/269","260/269","10","1"],"content":[{"type":"group","tags":[],"matrix":[0.7076142131979695,0.7065989847715736,0,0,-0.6829581265450153,0.6839393882210858,0.25650557620817843,0,0.18124657973694638,-0.181506991489442,0.9665427509293679,0,398.3045685279188,38.263959390862944,10,1,"697/985","-36192/52993","48024/264965","78466/197","696/985","36244/52993","-48093/264965","7538/197","0","69/269","260/269","10","1"],"content":[{"type":"item","tags":["part:{\"BOMitemName\":\"Support Rail\",\"numberNeeded\":2,\"costUSD\":3.6,\"source\":\"www.example.com\",\"totalNeeded\":1,\"radius\":0.015384615384615385}"],"matrix":[0.7076142131979695,0.7065989847715736,0,0,-0.6829581265450153,0.6839393882210858,0.25650557620817843,0,0.18124657973694638,-0.181506991489442,0.9665427509293679,0,391.4749872624686,45.1033532730738,12.565055762081784,1,"697/985","-36192/52993","48024/264965","20745434/52993","696/985","36244/52993","-48093/264965","2390162/52993","0","69/269","260/269","3380/269","1"],"content":[{"type":"plan","tags":["color:#bababa"],"matrix":[-0.18124657973694638,0.181506991489442,-0.9665427509293679,0,-0.6829581265450153,0.6839393882210858,0.25650557620817843,0,0.7076142131979695,0.7065989847715736,0,0,391.3843639726001,45.19410676881852,12.0817843866171,1,"-48024/264965","-36192/52993","697/985","103703158/264965","48093/264965","36244/52993","696/985","23949713/529930","-260/269","69/269","0","3250/269","1"],"plan":{"type":"Box","history":[{"corner1":[0.5,0.5,0]},{"corner2":[-0.5,-0.5,0]}]},"content":[{"type":"graph","matrix":[-0.18124657973694638,0.181506991489442,-0.9665427509293679,0,-0.6829581265450153,0.6839393882210858,0.25650557620817843,0,0.7076142131979695,0.7065989847715736,0,0,391.3843639726001,45.19410676881852,12.0817843866171,1,"-48024/264965","-36192/52993","697/985","103703158/264965","48093/264965","36244/52993","696/985","23949713/529930","-260/269","69/269","0","3250/269","1"],"tags":["color:#bababa","color:#bababa"],"graph":{"isClosed":true,"isEmpty":false,"isLazy":true,"provenance":"algorithm/cgal/fromSurfaceMeshToLazyGraph","serializedSurfaceMesh":"26\n1/2 -1/2 0\n1/2 1/2 0\n1/2 -1/2 40\n1/2 1/2 40\n1/2 -1178942302453876359/18734974449861263360 2205609048276319835/72057594037927936\n1/2 9056313982752692551/18734974449861263360 132905141177292355/4503599627370496\n205289083014305199/414331165718085632 -1/2 4362617378165854385/144115188075855872\n-1/2 -220901561722522775/936748722493063168 4362617378165854385/144115188075855872\n205289083014305199/414331165718085632 -1/2 4284293906385497935/144115188075855872\n1/2 1/2 103517656922802200/3398943114996601\n1/2 -1/2 1023509148044807976670229720780157979/33809682203054752754898606091141120\n724937917376858221/1657324662872342528 1/2 137310836464937405/4503599627370496\n1/2 9056313982752692551/18734974449861263360 137310836464937405/4503599627370496\n1/2 -1/2 1005071784138477188623686644688309221/33809682203054752754898606091141120\n1/2 1/2 100418929976993860/3398943114996601\n-1/2 758606337232630245/3746994889972252672 2117846593999356325/72057594037927936\n724937917376858221/1657324662872342528 1/2 132905141177292355/4503599627370496\n-1/2 -1/2 0\n-1/2 1/2 40\n-1/2 1/2 0\n-1/2 758606337232630245/3746994889972252672 2205609048276319835/72057594037927936\n1/2 -1178942302453876359/18734974449861263360 2117846593999356325/72057594037927936\n-1/2 1/2 4344968358403716394864880217254694455/147505588454713058795743006479613952\n-1/2 -1/2 40\n-1/2 1/2 4505366948879067132879700171522142665/147505588454713058795743006479613952\n-1/2 -220901561722522775/936748722493063168 4284293906385497935/144115188075855872\n\n48\n3 0 17 19\n3 0 19 1\n3 2 18 23\n3 3 18 2\n3 24 12 4\n3 3 12 9\n3 10 4 2\n3 3 9 11\n3 5 1 14\n3 23 6 10\n3 16 21 5\n3 5 21 1\n3 25 8 13\n3 1 19 16\n3 1 21 0\n3 8 6 23\n3 10 2 23\n3 1 16 14\n3 11 24 3\n3 13 8 0\n3 9 12 11\n3 25 6 8\n3 3 2 4\n3 8 23 0\n3 10 6 7\n3 21 13 0\n3 14 16 5\n3 25 21 15\n3 4 12 3\n3 4 7 20\n3 21 22 15\n3 20 7 23\n3 23 17 0\n3 23 7 17\n3 23 24 20\n3 15 22 17\n3 21 25 13\n3 24 4 20\n3 25 7 6\n3 10 7 4\n3 16 19 22\n3 7 25 17\n3 3 24 18\n3 18 24 23\n3 12 24 11\n3 22 21 16\n3 17 22 19\n3 17 25 15\n","hash":"mLPrPSJdzF8y3TWrY9diabeKqYFUfcSUB7fZ0Par+4Q="},"cache":{"boundingBox":[[390.9522616194583,44.761383578962445,11.470260223048014],[420.12103485366083,73.89078934953763,12.693308550186186]]},"hash":"CYeY4QVgHZ3i5zf/uFDCnXuQKebWvd2Vi/TrrXnxnxg="}],"hash":"A4tMTO70JWhyX3ddnzQnOXoD2vdawa5x324KXCE0A9o="}],"hash":"0h7CHjShOuqRj6ttoFmUpzlp3VTLyeQhLT/YV/Igw7I="},{"type":"item","tags":["part:{\"BOMitemName\":\"Support Rail\",\"numberNeeded\":2,\"costUSD\":3.6,\"source\":\"www.example.com\",\"totalNeeded\":1,\"radius\":0.015384615384615385}"],"matrix":[0.7076142131979695,0.7065989847715736,0,0,-0.6829581265450153,0.6839393882210858,0.25650557620817843,0,0.18124657973694638,-0.181506991489442,0.9665427509293679,0,358.69299718830786,77.93244390768591,24.877323420074347,1,"697/985","-36192/52993","48024/264965","19008218/52993","696/985","36244/52993","-48093/264965","4129874/52993","0","69/269","260/269","6692/269","1"],"content":[{"type":"plan","tags":["color:#bababa"],"matrix":[-0.18124657973694638,0.181506991489442,-0.9665427509293679,0,-0.6829581265450153,0.6839393882210858,0.25650557620817843,0,0.7076142131979695,0.7065989847715736,0,0,358.6023738984394,78.02319740343063,24.394052044609662,1,"-48024/264965","-36192/52993","697/985","95017078/264965","48093/264965","36244/52993","696/985","41346833/529930","-260/269","69/269","0","6562/269","1"],"plan":{"type":"Box","history":[{"corner1":[0.5,0.5,0]},{"corner2":[-0.5,-0.5,0]}]},"content":[{"type":"graph","matrix":[-0.18124657973694638,0.181506991489442,-0.9665427509293679,0,-0.6829581265450153,0.6839393882210858,0.25650557620817843,0,0.7076142131979695,0.7065989847715736,0,0,358.6023738984394,78.02319740343063,24.394052044609662,1,"-48024/264965","-36192/52993","697/985","95017078/264965","48093/264965","36244/52993","696/985","41346833/529930","-260/269","69/269","0","6562/269","1"],"tags":["color:#bababa","color:#bababa"],"graph":{"isClosed":true,"isEmpty":false,"isLazy":true,"provenance":"algorithm/cgal/fromSurfaceMeshToLazyGraph","serializedSurfaceMesh":"13\n1/2 -1/2 0\n1/2 1/2 0\n-1/2 1/2 40\n1/2 -1/2 40\n1/2 1/2 40\n49/276 -1/2 30\n-1/2 1/2 69337402963935641306/2178770523667681037\n-1/2 -1/2 40\n-1/2 1/2 0\n-1/2 -1/2 3922255814717218969/128936759176514084\n-1/2 -333/1040 30\n-1/2 -1/2