{"type":"group","tags":[],"content":[{"type":"group","tags":[],"content":[{"type":"plan","tags":["color:#fffcf7"],"matrix":[1,0,0,0,0,1,0,0,0,0,1,0,300,180,0,1,"1","0","0","300","0","1","0","180","0","0","1","0","1"],"plan":{"type":"Box","history":[{"corner1":[300,180,0]},{"corner2":[-300,-180,0]}]},"content":[{"type":"graph","matrix":[1,0,0,0,0,1,0,0,0,0,1,0,300,180,0,1,"1","0","0","300","0","1","0","180","0","0","1","0","1"],"tags":["color:#fffcf7"],"graph":{"isClosed":true,"isEmpty":false,"isLazy":true,"provenance":"algorithm/cgal/fromSurfaceMeshToLazyGraph","serializedSurfaceMesh":"20\n300 -180 0\n300 144 0\n-36 144 0\n-36 180 0\n-300 -180 0\n-300 180 0\n-36 180 10\n-300 -180 10\n-300 180 10\n-180 48 10\n-180 24 10\n300 144 10\n-228 48 10\n-228 24 10\n300 -180 10\n-228 24 0\n-228 48 0\n-180 24 0\n-180 48 0\n-36 144 10\n\n40\n3 0 2 1\n3 5 3 2\n3 4 2 0\n3 17 2 4\n3 8 19 6\n3 7 13 8\n3 1 11 14\n3 0 1 14\n3 2 19 11\n3 1 2 11\n3 6 19 3\n3 2 3 19\n3 8 6 5\n3 3 5 6\n3 14 7 0\n3 4 0 7\n3 7 8 4\n3 5 4 8\n3 19 8 9\n3 12 9 8\n3 13 10 17\n3 9 10 19\n3 10 7 19\n3 7 14 19\n3 9 12 18\n3 18 17 10\n3 10 13 7\n3 9 18 10\n3 13 12 8\n3 18 12 16\n3 18 2 17\n3 5 15 4\n3 5 16 15\n3 5 2 18\n3 15 17 4\n3 16 5 18\n3 16 13 15\n3 14 11 19\n3 17 15 13\n3 12 13 16\n","hash":"CiSOxpCGu2JHEWcJI/dU+11dxhVfX2q/KsS7T4lNhZA="},"hash":"TpCP7cmnfdfyreCIwVx1zgdq9YM7169uk4MeogNhYt0=","cache":{"boundingBox":[[-1.7053025658242407e-13,-8.526512829121203e-14,-2e-323],[600.0000000000003,360.00000000000017,10.000000000000005]]}}],"hash":"qgQG7Ub5dUNnhK6ag5KQkdH/7QhtH3Ix4iy5tkjwIxQ="},{"type":"plan","tags":["color:#fffcf7"],"matrix":[1,0,0,0,0,1,0,0,0,0,1,0,96,216,0,1,"1","0","0","96","0","1","0","216","0","0","1","0","1"],"plan":{"type":"Box","history":[{"corner1":[24,12,0]},{"corner2":[-24,-12,0]}]},"content":[{"type":"graph","matrix":[1,0,0,0,0,1,0,0,0,0,1,0,96,216,0,1,"1","0","0","96","0","1","0","216","0","0","1","0","1"],"tags":["color:#fffcf7"],"graph":{"isClosed":true,"isEmpty":false,"isLazy":true,"provenance":"algorithm/cgal/fromSurfaceMeshToLazyGraph","serializedSurfaceMesh":"8\n-24 12 0\n-24 -12 0\n24 -12 0\n24 12 0\n-24 12 60\n-24 -12 60\n24 -12 60\n24 12 60\n\n12\n3 2 1 0\n3 0 3 2\n3 6 4 5\n3 4 6 7\n3 5 4 1\n3 0 1 4\n3 6 5 2\n3 1 2 5\n3 7 6 3\n3 2 3 6\n3 4 7 0\n3 3 0 7\n","hash":"Cw4CX23KsxMzYMpxXPgmxljxnTAZD+uHMC3vp/DV3o4="},"hash":"MRMndCEsIc17SM5pMMg4o6M4C7b5mSknsLHloLaX9oM=","cache":{"boundingBox":[[71.99999999999997,203.99999999999997,-2e-323],[120.00000000000003,228.00000000000003,60.00000000000002]]}}],"hash":"NszYygo6gN691UvpV8jnb7qH6tBx4SFP4NPQE6JnHvk="},{"type":"group","tags":[],"matrix":[1,0,0,0,0,1,0,0,0,0,1,0,390,276,10,1,"1","0","0","390","0","1","0","276","0","0","1","10","1"],"content":[{"type":"plan","tags":["color:#fffcf7"],"matrix":[1,0,0,0,0,1,0,0,0,0,1,0,342,222,10,1,"1","0","0","342","0","1","0","222","0","0","1","10","1"],"plan":{"type":"Box","history":[{"corner1":[10,5,0]},{"corner2":[-10,-5,0]}]},"content":[{"type":"graph","matrix":[1,0,0,0,0,1,0,0,0,0,1,0,390,276,10,1,"1","0","0","390","0","1","0","276","0","0","1","10","1"],"tags":["color:#fffcf7"],"graph":{"isClosed":true,"isEmpty":false,"isLazy":true,"provenance":"algorithm/cgal/fromSurfaceMeshToLazyGraph","serializedSurfaceMesh":"8\n-58 -49 0\n-58 -59 0\n-38 -59 0\n-38 -49 0\n-58 -49 14\n-58 -59 14\n-38 -59 14\n-38 -49 14\n\n12\n3 2 1 0\n3 2 0 3\n3 6 4 5\n3 6 7 4\n3 5 4 1\n3 0 1 4\n3 6 5 2\n3 1 2 5\n3 7 6 3\n3 2 3 6\n3 4 7 0\n3 3 0 7\n","hash":"pVe0KknE6BHtg+nGbJu9TNV+paELgsb8brjA+8gaJlk="},"hash":"TUnNooomEvZtVn9Y7Rf+Dwr0SkMClxLqcb/PIj5A2gM=","cache":{"boundingBox":[[331.99999999999994,216.99999999999994,9.999999999999998],[352.00000000000006,227.00000000000006,24.000000000000007]]}}],"hash":"Bv/8GLSdmQOHdwEzGLV9kog/aIYWDCqmShAhSGILHzI="},{"type":"plan","tags":["color:#fffcf7"],"matrix":[1,0,0,0,0,1,0,0,0,0,1,0,390,222,10,1,"1","0","0","390","0","1","0","222","0","0","1","10","1"],"plan":{"type":"Arc","history":[{"corner1":[5,5,0]},{"corner2":[-5,-5,0]},{"sides":21}]},"content":[{"type":"graph","tags":["color:#fffcf7"],"graph":{"isClosed":true,"isEmpty":false,"isLazy":true,"provenance":"algorithm/cgal/fromSurfaceMeshToLazyGraph","serializedSurfaceMesh":"91\n1402043918085275/281474976710656 -483052760032035423/9007199254740992 0\n41930065496208065/9007199254740992 -469912175753438583/9007199254740992 0\n45/16 -224592555330172129/4503599627370496 0\n13245881256972045/9007199254740992 -443310850276817523/9007199254740992 0\n2202847643822525/562949953421312 -458347479057291613/9007199254740992 0\n0 -49 0\n-13245881256972045/9007199254740992 -443310850276817523/9007199254740992 0\n-2202847643822525/562949953421312 -458347479057291613/9007199254740992 0\n-41930065496208065/9007199254740992 -469912175753438583/9007199254740992 0\n-45/16 -224592555330172129/4503599627370496 0\n-15312238733059685/4503599627370496 -519415157023397203/9007199254740992 0\n-43881227138481755/9007199254740992 -496396758927948003/9007199254740992 0\n-39031196770544295/9007199254740992 -113/2 0\n-1402043918085275/281474976710656 -483052760032035423/9007199254740992 0\n-39161735890178225/18014398509481984 -131730289100587007/2251799813685248 0\n-27021597764222975/36028797018963968 -530882153664975093/9007199254740992 0\n27021597764222975/36028797018963968 -530882153664975093/9007199254740992 0\n39161735890178225/18014398509481984 -131730289100587007/2251799813685248 0\n15312238733059685/4503599627370496 -519415157023397203/9007199254740992 0\n39031196770544295/9007199254740992 -113/2 0\n43881227138481755/9007199254740992 -496396758927948003/9007199254740992 0\n1402043918085275/281474976710656 -483052760032035423/9007199254740992 14\n41930065496208065/9007199254740992 -469912175753438583/9007199254740992 14\n45/16 -224592555330172129/4503599627370496 14\n13245881256972045/9007199254740992 -443310850276817523/9007199254740992 14\n2202847643822525/562949953421312 -458347479057291613/9007199254740992 14\n0 -49 14\n-13245881256972045/9007199254740992 -443310850276817523/9007199254740992 14\n-2202847643822525/562949953421312 -458347479057291613/9007199254740992 14\n-41930065496208065/9007199254740992 -469912175753438583/9007199254740992 14\n-45/16 -224592555330172129/4503599627370496 14\n-15312238733059685/4503599627370496 -519415157023397203/9007199254740992 14\n-43881227138481755/9007199254740992 -496396758927948003/9007199254740992 14\n-39031196770544295/9007199254740992 -113/2 14\n-1402043918085275/281474976710656 -483052760032035423/9007199254740992 14\n-39161735890178225/18014398509481984 -131730289100587007/2251799813685248 14\n-27021597764222975/36028797018963968 -530882153664975093/9007199254740992 14\n27021597764222975/36028797018963968 -530882153664975093/9007199254740992 14\n39161735890178225/18014398509481984 -131730289100587007/2251799813685248 14\n15312238733059685/4503599627370496 -519415157023397203/9007199254740992 14\n39031196770544295/9007199254740992 -113/2 14\n43881227138481755/9007199254740992 -496396758927948003/9007199254740992 14\n609295651145306493/1774418253183975424 -817193595410529418225/14195346025471803392 0\n103/197 -89919/1576 0\n8967013288835224545/14195346025471803392 -823699749569854051607/14195346025471803392 0\n21201099415043937839/14195346025471803392 -811483215934500731015/14195346025471803392 0\n44125250943842973909/28390692050943606784 -6399382241735565237/110901140823998464 0\n33206958977661284779/28390692050943606784 -103071530072258144907/1774418253183975424 0\n1837603497340746433/1774418253183975424 -807381230865886362865/14195346025471803392 0\n609295651145306493/1774418253183975424 -817193595410529418225/14195346025471803392 4\n33206958977661284779/28390692050943606784 -103071530072258144907/1774418253183975424 4\n103/197 -89919/1576 4\n8967013288835224545/14195346025471803392 -823699749569854051607/14195346025471803392 4\n21201099415043937839/14195346025471803392 -811483215934500731015/14195346025471803392 4\n44125250943842973909/28390692050943606784 -6399382241735565237/110901140823998464 4\n1837603497340746433/1774418253183975424 -807381230865886362865/14195346025471803392 4\n98498142492699475146529426253278073/83507288651642034984839107517087744 -4757183602747349356906543630376247945/83507288651642034984839107517087744 4\n1063687969546030750270170440628840276968106173525635/724852840643544806680045239997046953090041455312896 -42069972865170912445341298949217279106668035735890221/724852840643544806680045239997046953090041455312896 14\n124794888403140559787950125810388199604590741673225/82421382400695495471977256977300633116924568403968 -4778855751249802301631297900856448637873895778262297/82421382400695495471977256977300633116924568403968 14\n2789699186898695942/3595416805056946815 -819280383924988142111/14381667220227787260 4\n16281947058667528297445944976311849/25243536307052143582841912783011840 -1464820888610639464882038212163096633/25243536307052143582841912783011840 4\n26520572305678008321/17744182531839754240 -1024957350694648543887/17744182531839754240 4\n604157890011752021/443604563295993856 -205461645940027188699/3548836506367950848 4\n21812058895262153359/17744182531839754240 -1029659108705623343103/17744182531839754240 4\n37739743671990398291693397978820551/25243536307052143582841912783011840 -1443393877932199411057079492952557097/25243536307052143582841912783011840 4\n5891/3940 -56113/985 4\n17123235002729378291/17744182531839754240 -1006933368305471730877/17744182531839754240 4\n428/985 -224449/3940 4\n181203697867332243647735395291452243/417536443258210174924195537585438720 -24096758418555872942253089124963817821/417536443258210174924195537585438720 4\n1561391340703256002/3595416805056946815 -824186566197309669791/14381667220227787260 4\n1472/985 -228631/3940 14\n10832475230546248879/17744182531839754240 -1030951834025492038593/17744182531839754240 14\n30425769863048317763/17744182531839754240 -1020255016003233657331/17744182531839754240 14\n5891/3940 -56113/985 14\n14563707521822704577/8872091265919877120 -508558662594838313809/8872091265919877120 14\n27820053024987759553/17744182531839754240 -1026526662937973799761/17744182531839754240 14\n17123235002729378291/17744182531839754240 -1006933368305471730877/17744182531839754240 14\n23394881937469520721/17744182531839754240 -1009539085143532289087/17744182531839754240 14\n10120906489421710511/8872091265919877120 -516129598022074844097/8872091265919877120 14\n17104122165286391309/17744182531839754240 -1033557550863552596803/17744182531839754240 14\n6992772094586174289/8872091265919877120 -504115861562437319743/8872091265919877120 14\n428/985 -224449/3940 14\n1709/3940 -57157/985 14\n2549971062185180223/8872091265919877120 -511686796989673850031/8872091265919877120 14\n3801587304967451837/17744182531839754240 -1020235903165790670349/17744182531839754240 14\n6407304143028010047/17744182531839754240 -1013964256231050527919/17744182531839754240 14\n30425769863048317763/17744182531839754240 -1020255016003233657331/17744182531839754240 4\n17104122165286391309/17744182531839754240 -1033557550863552596803/17744182531839754240 4\n1472/985 -228631/3940 4\n1709/3940 -57157/985 4\n3801587304967451837/17744182531839754240 -1020235903165790670349/17744182531839754240 4\n\n182\n3 0 4 1\n3 3 2 5\n3 2 4 0\n3 5 2 9\n3 6 5 9\n3 9 2 13\n3 7 13 8\n3 7 9 13\n3 13 2 0\n3 11 14 10\n3 12 11 10\n3 11 13 14\n3 14 13 15\n3 15 13 16\n3 48 43 13\n3 17 16 0\n3 18 17 20\n3 19 18 20\n3 20 17 0\n3 22 25 21\n3 26 23 24\n3 21 25 23\n3 30 23 26\n3 30 26 27\n3 34 23 30\n3 29 34 28\n3 34 30 28\n3 21 23 34\n3 31 35 32\n3 31 32 33\n3 35 34 32\n3 36 34 35\n3 37 34 36\n3 54 88 86\n3 21 58 38\n3 41 38 39\n3 41 39 40\n3 21 38 41\n3 1 22 21\n3 21 0 1\n3 4 25 22\n3 22 1 4\n3 3 24 23\n3 23 2 3\n3 5 26 24\n3 24 3 5\n3 2 23 25\n3 25 4 2\n3 6 27 26\n3 26 5 6\n3 9 30 27\n3 27 6 9\n3 8 29 28\n3 28 7 8\n3 13 34 29\n3 29 8 13\n3 7 28 30\n3 30 9 7\n3 14 35 31\n3 31 10 14\n3 12 33 32\n3 32 11 12\n3 10 31 33\n3 33 12 10\n3 11 32 34\n3 34 13 11\n3 15 36 35\n3 35 14 15\n3 16 37 36\n3 36 15 16\n3 17 38 37\n3 37 16 17\n3 18 39 38\n3 38 17 18\n3 19 40 39\n3 39 18 19\n3 20 41 40\n3 40 19 20\n3 0 21 41\n3 41 20 0\n3 46 0 16\n3 13 42 16\n3 13 43 42\n3 13 0 48\n3 42 44 16\n3 45 46 54\n3 54 64 45\n3 47 46 16\n3 45 0 46\n3 44 47 16\n3 45 48 0\n3 44 42 49\n3 51 42 43\n3 51 69 42\n3 52 60 47\n3 47 44 52\n3 46 47 50\n3 48 45 53\n3 43 48 55\n3 55 59 43\n3 49 68 44\n3 67 80 81\n3 76 80 66\n3 50 63 46\n3 87 71 79\n3 76 66 77\n3 53 56 48\n3 73 77 65\n3 49 42 69\n3 52 44 68\n3 86 75 72\n3 65 86 74\n3 82 71 89\n3 65 74 73\n3 53 45 64\n3 62 46 63\n3 61 46 62\n3 54 46 61\n3 50 47 60\n3 80 67 66\n3 77 66 65\n3 72 74 86\n3 70 58 88\n3 79 78 87\n3 71 87 89\n3 51 43 59\n3 55 48 56\n3 84 83 90\n3 85 90 67\n3 56 65 66\n3 70 38 58\n3 37 38 57\n3 86 65 64\n3 57 38 70\n3 60 89 87\n3 69 67 90\n3 76 21 34\n3 86 64 54\n3 53 64 65\n3 88 61 62\n3 56 53 65\n3 75 21 72\n3 77 73 21\n3 74 21 73\n3 59 67 51\n3 72 21 74\n3 58 75 88\n3 58 21 75\n3 80 76 34\n3 86 88 75\n3 76 77 21\n3 66 59 55\n3 66 67 59\n3 37 57 78\n3 37 79 71\n3 37 78 79\n3 81 80 34\n3 66 55 56\n3 84 85 34\n3 84 90 85\n3 37 82 34\n3 37 71 82\n3 82 83 34\n3 81 85 67\n3 83 84 34\n3 85 81 34\n3 89 90 83\n3 82 89 83\n3 61 88 54\n3 88 87 78\n3 87 50 60\n3 50 88 63\n3 87 88 50\n3 70 88 57\n3 88 78 57\n3 63 88 62\n3 60 52 89\n3 67 69 51\n3 52 68 89\n3 90 49 69\n3 90 89 68\n3 90 68 49\n","hash":"aHqlHp8R8n3nSv0UibnZEKLMwotfNItrrAiRiU7WKA4="},"matrix":[1,0,0,0,0,1,0,0,0,0,1,0,390,276,10,1,"1","0","0","390","0","1","0","276","0","0","1","10","1"],"provenance":"geometry/graph/cut","cache":{"boundingBox":[[385.0189393939393,217.06024096385536,9.999999999999998],[394.9810606060607,227.00000000000006,24.000000000000007]]},"hash":"4UbQre5ZEmita2VZNL270vSGe5RYxbeiv3mN5uKQUeg="}],"hash":"hFkzWnVft6gZxJjK1gSpG7YTlq+R1m1f6O0hdxas1Rs="},{"type":"plan","tags":["color:#fffcf7"],"matrix":[1,0,0,0,0,1,0,0,0,0,1,0,390,258,10,1,"1","0","0","390","0","1","0","258","0","0","1","10","1"],"plan":{"type":"Arc","history":[{"corner1":[4,4,0]},{"corner2":[-4,-4,0]},{"sides":19}]},"content":[{"type":"graph","matrix":[1,0,0,0,0,1,0,0,0,0,1,0,390,276,10,1,"1","0","0","390","0","1","0","276","0","0","1","10","1"],"tags":["color:#fffcf7"],"graph":{"isClosed":true,"isEmpty":false,"isLazy":true,"provenance":"algorithm/cgal/fromSurfaceMeshToLazyGraph","serializedSurfaceMesh":"38\n-8256599316845909/2251799813685248 -88317343341940895/4503599627370496 0\n-4483759981434943/1125899906842624 -330263972673836373/18014398509481984 0\n-6622940628486023/2251799813685248 -46634047754384813/2251799813685248 0\n-4289142502257615/2251799813685248 -6057341498813317/281474976710656 0\n-2947810665187961/4503599627370496 -6176132097680191/281474976710656 0\n2947810665187961/4503599627370496 -6176132097680191/281474976710656 0\n4289142502257615/2251799813685248 -6057341498813317/281474976710656 0\n6622940628486023/2251799813685248 -46634047754384813/2251799813685248 0\n8256599316845909/2251799813685248 -88317343341940895/4503599627370496 0\n4483759981434943/1125899906842624 -330263972673836373/18014398509481984 0\n-31/8 -76653103861775381/4503599627370496 0\n31/8 -76653103861775381/4503599627370496 0\n7546572348566777/2251799813685248 -35599882768738207/2251799813685248 0\n2763572498613713/1125899906842624 -33421449866275787/2251799813685248 0\n5842507624696859/4503599627370496 -32012073026984877/2251799813685248 0\n0 -14 0\n-5842507624696859/4503599627370496 -32012073026984877/2251799813685248 0\n-2763572498613713/1125899906842624 -33421449866275787/2251799813685248 0\n-7546572348566777/2251799813685248 -35599882768738207/2251799813685248 0\n-8256599316845909/2251799813685248 -88317343341940895/4503599627370496 14\n-4483759981434943/1125899906842624 -330263972673836373/18014398509481984 14\n-6622940628486023/2251799813685248 -46634047754384813/2251799813685248 14\n-4289142502257615/2251799813685248 -6057341498813317/281474976710656 14\n-2947810665187961/4503599627370496 -6176132097680191/281474976710656 14\n2947810665187961/4503599627370496 -6176132097680191/281474976710656 14\n4289142502257615/2251799813685248 -6057341498813317/281474976710656 14\n6622940628486023/2251799813685248 -46634047754384813/2251799813685248 14\n8256599316845909/2251799813685248 -88317343341940895/4503599627370496 14\n4483759981434943/1125899906842624 -330263972673836373/18014398509481984 14\n-31/8 -76653103861775381/4503599627370496 14\n31/8 -76653103861775381/4503599627370496 14\n7546572348566777/2251799813685248 -35599882768738207/2251799813685248 14\n2763572498613713/1125899906842624 -33421449866275787/2251799813685248 14\n5842507624696859/4503599627370496 -32012073026984877/2251799813685248 14\n0 -14 14\n-5842507624696859/4503599627370496 -32012073026984877/2251799813685248 14\n-2763572498613713/1125899906842624 -33421449866275787/2251799813685248 14\n-7546572348566777/2251799813685248 -35599882768738207/2251799813685248 14\n\n72\n3 0 1 2\n3 2 4 3\n3 1 4 2\n3 1 5 4\n3 1 9 5\n3 5 7 6\n3 5 9 7\n3 7 9 8\n3 1 11 9\n3 1 10 11\n3 11 13 12\n3 11 14 13\n3 11 15 14\n3 11 10 15\n3 15 10 16\n3 16 10 17\n3 17 10 18\n3 19 21 20\n3 21 22 23\n3 20 21 23\n3 20 23 24\n3 20 24 28\n3 24 25 26\n3 24 26 28\n3 26 27 28\n3 20 28 30\n3 20 30 29\n3 30 31 32\n3 30 32 33\n3 30 33 34\n3 30 34 29\n3 34 35 29\n3 35 36 29\n3 36 37 29\n3 21 19 2\n3 0 2 19\n3 19 20 0\n3 1 0 20\n3 22 21 3\n3 2 3 21\n3 23 22 4\n3 3 4 22\n3 24 23 5\n3 4 5 23\n3 25 24 6\n3 5 6 24\n3 26 25 7\n3 6 7 25\n3 27 26 8\n3 7 8 26\n3 28 27 9\n3 8 9 27\n3 30 28 11\n3 9 11 28\n3 20 29 1\n3 10 1 29\n3 31 30 12\n3 11 12 30\n3 32 31 13\n3 12 13 31\n3 33 32 14\n3 13 14 32\n3 34 33 15\n3 14 15 33\n3 35 34 16\n3 15 16 34\n3 36 35 17\n3 16 17 35\n3 37 36 18\n3 17 18 36\n3 29 37 10\n3 18 10 37\n","hash":"UFQqPkCIfFvFSuBcjstQTQKKTnVWWMEw0mXheXygV2o="},"hash":"TntvixmjSMpX1AbzwLt1J4mGV4lBwnHjvLvxNO7aqss=","cache":{"boundingBox":[[386.0176211453744,254.05797101449272,9.999999999999998],[393.9823788546256,262.00000000000006,24.000000000000007]]}}],"hash":"Dk9ebhf7W9BzT1xIWMt6HKfEnP3YCV8FmPjjypBs7jU="},{"type":"plan","tags":["color:#fffcf7"],"matrix":[1,0,0,0,0,1,0,0,0,0,1,0,390,276,10,1,"1","0","0","390","0","1","0","276","0","0","1","10","1"],"plan":{"type":"Arc","history":[{"corner1":[2,2,0]},{"corner2":[-2,-2,0]},{"sides":13}]},"content":[{"type":"graph","matrix":[1,0,0,0,0,1,0,0,0,0,1,0,390,276,10,1,"1","0","0","390","0","1","0","276","0","0","1","10","1"],"tags":["color:#fffcf7"],"graph":{"isClosed":true,"isEmpty":false,"isLazy":true,"provenance":"algorithm/cgal/fromSurfaceMeshToLazyGraph","serializedSurfaceMesh":"26\n8932759591478669/4503599627370496 1080863910568919/4503599627370496 0\n3708846751952173/2251799813685248 639024271451219/562949953421312 0\n8363827879402349/9007199254740992 1991976758260027/1125899906842624 0\n0 2 0\n-8363827879402349/9007199254740992 1991976758260027/1125899906842624 0\n-3708846751952173/2251799813685248 639024271451219/562949953421312 0\n-8932759591478669/4503599627370496 1080863910568919/4503599627370496 0\n-8426089625402863/4503599627370496 -6392205922719413/9007199254740992 0\n-2982113266772355/2251799813685248 -3366768653471147/2251799813685248 0\n-1080863910568919/2251799813685248 -8742281629601551/4503599627370496 0\n1080863910568919/2251799813685248 -8742281629601551/4503599627370496 0\n2982113266772355/2251799813685248 -3366768653471147/2251799813685248 0\n8426089625402863/4503599627370496 -6392205922719413/9007199254740992 0\n8932759591478669/4503599627370496 1080863910568919/4503599627370496 14\n3708846751952173/2251799813685248 639024271451219/562949953421312 14\n8363827879402349/9007199254740992 1991976758260027/1125899906842624 14\n0 2 14\n-8363827879402349/9007199254740992 1991976758260027/1125899906842624 14\n-3708846751952173/2251799813685248 639024271451219/562949953421312 14\n-8932759591478669/4503599627370496 1080863910568919/4503599627370496 14\n-8426089625402863/4503599627370496 -6392205922719413/9007199254740992 14\n-2982113266772355/2251799813685248 -3366768653471147/2251799813685248 14\n-1080863910568919/2251799813685248 -8742281629601551/4503599627370496 14\n1080863910568919/2251799813685248 -8742281629601551/4503599627370496 14\n2982113266772355/2251799813685248 -3366768653471147/2251799813685248 14\n8426089625402863/4503599627370496 -6392205922719413/9007199254740992 14\n\n48\n3 2 1 0\n3 8 6 4\n3 2 4 3\n3 4 6 5\n3 2 8 4\n3 6 8 7\n3 2 11 8\n3 8 10 9\n3 8 11 10\n3 2 0 11\n3 11 0 12\n3 15 13 14\n3 21 17 19\n3 15 16 17\n3 17 18 19\n3 15 17 21\n3 19 20 21\n3 15 21 24\n3 21 22 23\n3 21 23 24\n3 15 24 13\n3 24 25 13\n3 14 13 1\n3 0 1 13\n3 15 14 2\n3 1 2 14\n3 16 15 3\n3 2 3 15\n3 17 16 4\n3 3 4 16\n3 18 17 5\n3 4 5 17\n3 19 18 6\n3 5 6 18\n3 20 19 7\n3 6 7 19\n3 21 20 8\n3 7 8 20\n3 22 21 9\n3 8 9 21\n3 23 22 10\n3 9 10 22\n3 24 23 11\n3 10 11 23\n3 25 24 12\n3 11 12 24\n3 13 25 0\n3 12 0 25\n","hash":"6GpqC0EadRpwrySDol3IDlERYujHluNojPZqe/w2zEQ="},"hash":"swOz0AbEemZOvRQ1jGex//vbXn2Ixjsi1ALxj5oIh94=","cache":{"boundingBox":[[388.01652892561975,274.0588235294117,9.999999999999998],[391.98347107438025,278.00000000000006,24.000000000000007]]}}],"hash":"QMO+8QVSasTMS49bnaEgtigVAHM80xBTS/35wbncdAE="}],"hash":"ZaAj6F+ygZ5mxH/iLRxqjF1DKIY+xefg+XtrDUPyKO8="}],"hash":"AqgnqHFF9d9PtwEq04P/FYwYte4rkXwLS2B/65/OnMY="},{"type":"group","tags":[],"matrix":[1,0,0,0,0,1,0,0,0,0,1,0,480,10,10,1,"1","0","0","480","0","1","0","10","0","0","1","10","1"],"content":[{"type":"group","tags":[],"matrix":[0.7076142131979695,0.7065989847715736,0,0,-0.7065989847715736,0.7076142131979695,0,0,0,0,1,0,370,10,10,1,"697/985","-696/985","0","370","696/985","697/985","0","10","0","0","1","10","1"],"content":[{"type":"group","tags":[],"matrix":[0.7076142131979695,0.7065989847715736,0,0,-0.7065989847715736,0.7076142131979695,0,0,0,0,1,0,370,10,10,1,"697/985","-696/985","0","370","696/985","697/985","0","10","0","0","1","10","1"],"content":[{"type":"group","tags":[],"matrix":[0.7076142131979695,0.7065989847715736,0,0,-0.6639185091813443,0.6648724150853405,0.3422818791946308,0,0.24185602834463257,-0.24220352263823117,0.9395973154362416,0,370,10,10,1,"697/985","-19488/29353","35496/146765","370","696/985","19516/29353","-35547/146765","10","0","51/149","140/149","10","1"],"content":[{"type":"group","tags":[],"matrix":[0.7076142131979695,0.7065989847715736,0,0,-0.6639185091813443,0.6648724150853405,0.3422818791946308,0,0.24185602834463257,-0.24220352263823117,0.9395973154362416,0,370,10,10,1,"697/985","-19488/29353","35496/146765","370","696/985","19516/29353","-35547/146765","10","0","51/149","140/149","10","1"],"content":[{"type":"item","tags":["part:{\"BOMitemName\":\"Support Rail\",\"numberNeeded\":2,\"costUSD\":3.6,\"source\":\"www.example.com\",\"totalNeeded\":1,\"radius\":0.015384615384615385}"],"matrix":[0.7076142131979695,0.7065989847715736,0,0,-0.6639185091813443,0.6648724150853405,0.3422818791946308,0,0.24185602834463257,-0.24220352263823117,0.9395973154362416,0,363.3608149081865,16.648724150853404,13.422818791946307,1,"697/985","-19488/29353","35496/146765","10665730/29353","696/985","19516/29353","-35547/146765","488690/29353","0","51/149","140/149","2000/149","1"],"content":[{"type":"plan","tags":["color:#bababa"],"matrix":[-0.24185602834463257,0.24220352263823117,-0.9395973154362416,0,-0.6639185091813443,0.6648724150853405,0.3422818791946308,0,0.7076142131979695,0.7065989847715736,0,0,363.2398868940142,16.769825912172518,12.953020134228186,1,"-35496/146765","-19488/29353","697/985","53310902/146765","35547/146765","19516/29353","696/985","4922447/293530","-140/149","51/149","0","1930/149","1"],"plan":{"type":"Box","history":[{"corner1":[0.5,0.5,0]},{"corner2":[-0.5,-0.5,0]}]},"content":[{"type":"graph","matrix":[-0.24185602834463257,0.24220352263823117,-0.9395973154362416,0,-0.6639185091813443,0.6648724150853405,0.3422818791946308,0,0.7076142131979695,0.7065989847715736,0,0,363.2398868940142,16.769825912172518,12.953020134228186,1,"-35496/146765","-19488/29353","697/985","53310902/146765","35547/146765","19516/29353","696/985","4922447/293530","-140/149","51/149","0","1930/149","1"],"tags":["color:#bababa","color:#bababa"],"graph":{"isClosed":true,"isEmpty":false,"isLazy":true,"provenance":"algorithm/cgal/fromSurfaceMeshToLazyGraph","serializedSurfaceMesh":"14\n1/2 -1/2 0\n1/2 1/2 43322011871592865866890838417375409/81703838958186787213998914369748992\n1/2 -1/2 40\n1/2 1/2 40\n1/2 1319054290860958689/10088063165309911040 43881227138481755/72057594037927936\n1/2 -807270233206161259/2522015791327477760 0\n-1/2 22292818155483985/504403158265495552 39161735890178225/144115188075855872\n-1/2 1/2 40\n1/2 -807270233206161259/2522015791327477760 39161735890178225/144115188075855872\n-1/2 1/2 49669117228765039998640735008882865/81703838958186787213998914369748992\n-1/2 22292818155483985/504403158265495552 0\n-1/2 -1/2 0\n-1/2 -1/2 40\n-1/2 998798317359056685/2017612633061982208 43881227138481755/72057594037927936\n\n24\n3 10 5 11\n3 2 7 12\n3 2 3 7\n3 2 12 0\n3 2 1 3\n3 1 9 3\n3 8 4 2\n3 7 9 13\n3 0 5 8\n3 12 11 0\n3 13 9 1\n3 0 8 2\n3 13 1 4\n3 12 7 11\n3 3 9 7\n3 10 6 5\n3 7 13 11\n3 6 10 11\n3 4 1 2\n3 13 6 11\n3 6 4 8\n3 11 5 0\n3 6 13 4\n3 8 5 6\n","hash":"+f66GpnrRTrvOh7cS8OfIIcYW6Wm1Px6cp/56T0Angg="},"hash":"ErLB8RMS7udk0vbnabyAObGxhzqIki6t3tmYoa92Dbk=","cache":{"boundingBox":[[363.16219951470015,16.31628794331073,12.312080536912747],[391.9973426906961,45.48732327189727,13.593959731543626]]}}],"hash":"rN+usjM8BjnVfKPe42swReujaET2in3vu2nZHJmJaRQ="}],"hash":"TXSomBMRnC+EqEiX5ON11j1A2sqvEyYOStXP00jVz/E="},{"type":"item","tags":["part:{\"BOMitemName\":\"Support Rail\",\"numberNeeded\":2,\"costUSD\":3.6,\"source\":\"www.example.com\",\"totalNeeded\":1,\"radius\":0.015384615384615385}"],"matrix":[0.7076142131979695,0.7065989847715736,0,0,-0.6639185091813443,0.6648724150853405,0.3422818791946308,0,0.24185602834463257,-0.24220352263823117,0.9395973154362416,0,331.492726467482,48.56260007494975,29.85234899328859,1,"697/985","-19488/29353","35496/146765","9730306/29353","696/985","19516/29353","-35547/146765","1425458/29353","0","51/149","140/149","4448/149","1"],"content":[{"type":"plan","tags":["color:#bababa"],"matrix":[-0.24185602834463257,0.24220352263823117,-0.9395973154362416,0,-0.6639185091813443,0.6648724150853405,0.3422818791946308,0,0.7076142131979695,0.7065989847715736,0,0,331.3717984533097,48.68370183626886,29.382550335570468,1,"-35496/146765","-19488/29353","697/985","48633782/146765","35547/146765","19516/29353","696/985","14290127/293530","-140/149","51/149","0","4378/149","1"],"plan":{"type":"Box","history":[{"corner1":[0.5,0.5,0]},{"corner2":[-0.5,-0.5,0]}]},"content":[{"type":"graph","matrix":[-0.24185602834463257,0.24220352263823117,-0.9395973154362416,0,-0.6639185091813443,0.6648724150853405,0.3422818791946308,0,0.7076142131979695,0.7065989847715736,0,0,331.3717984533097,48.68370183626886,29.382550335570468,1,"-35496/146765","-19488/29353","697/985","48633782/146765","35547/146765","19516/29353","696/985","14290127/293530","-140/149","51/149","0","4378/149","1"],"tags":["color:#bababa","color:#bababa"],"graph":{"isClosed":true,"isEmpty":false,"isLazy":true,"provenance":"algorithm/cgal/fromSurfaceMeshToLazyGraph","serializedSurfaceMesh":"16\n141/298 27/149 3/4\n1/2 1/2 0\n-1/2 -1/2 40\n1/2 -1/2 40\n1/2 1/2 40\n-1/2 -1/2 0\n9/40 -1/2 0\n-1/2 1/2 0\n1/2 6/35 3/4\n782637740122311831/2684145377912815616 -212877465313268793/671036344478203904 9556418721493491/18014398509481984\n9/40 -1/2 3185472907164497/52725068808239960\n1/2 -1/2 226168576408679287/785603525242775404\n1/2 13/51 0\n-1/2 1/2 40\n1/2 -991560825274962543/2522015791327477760 9556418721493491/18014398509481984\n1/2 13/51 466287327272872057/649836473061557388\n\n28\n3 12 6 5\n3 1 12 7\n3 3 13 2\n3 3 4 13\n3 3 1 4\n3 15 12 1\n3 5 11 2\n3 1 7 4\n3 8 9 0\n3 5 6 10\n3 3 11 14\n3 8 3 14\n3 5 7 12\n3 5 10 11\n3 0 9 10\n3 8 0 15\n3 8 15 3\n3 2 13 5\n3 7 5 13\n3 10 9 11\n3 6 12 0\n3 12 15 0\n3 8 14 9\n3 7 13 4\n3 14 11 9\n3 2 11 3\n3 1 3 15\n3 10 6 0\n","hash":"7Q3JckykECydiTH8Em4YLzX6Ycd8GqvKzF2gWTt2DKk="},"hash":"KAfijq3J/PyXksdBAD7+FWoOHlu37VGNRnOeYHbqeSM=","cache":{"boundingBox":[[330.91891118454663,48.230163867407065,28.741610738255027],[360.12925424999156,77.40119919599361,30.023489932885912]]}}],"hash":"Fl+Y9ivec0GHojut74oXknBjZY2jz2puxmCWTpi9P2Y="}],"hash":"1hA0wSz5Jcditin++Gpb4VxEjqvKYMGkrriBLlbu/5Q="}],"hash":"rl1aJxcHOnJ7It0AgxNJIiWpYodk8bp3THDpnpP5Qk4="},{"type":"item","tags":["part:{\"BOMitemName\":\"400 Watt Solar Pannel\",\"numberNeeded\":1,\"costUSD\":312,\"source\":\"https://www.ecodirect.com/Canadian-Solar-CS1Y-400W-All-Black-Solar-Panel-p/canadian-solar-cs1y-400m5.htm\",\"totalNeeded\":1,\"radius\":0.015384615384615385}"],"matrix":[0.7076142131979695,0.7065989847715736,0,0,-0.6639185091813443,0.6648724150853405,0.3422818791946308,0,0.24185602834463257,-0.24220352263823117,0.9395973154362416,0,362.2211256089667,45.387033693319246,21.1241610738255,1,"697/985","-19488/29353","35496/146765","106322767/293530","696/985","19516/29353","-35547/146765","6661228/146765","0","51/149","140/149","6295/298","1"],"content":[{"type":"group","tags":[],"matrix":[0.7076142131979695,0.7065989847715736,0,0,-0.6639185091813443,0.6648724150853405,0.3422818791946308,0,0.24185602834463257,-0.24220352263823117,0.9395973154362416,0,362.2211256089667,45.387033693319246,21.1241610738255,1,"697/985","-19488/29353","35496/146765","106322767/293530","696/985","19516/29353","-35547/146765","6661228/146765","0","51/149","140/149","6295/298","1"],"content":[{"type":"plan","tags":["color:#bababa"],"matrix":[0.7076142131979695,0.7065989847715736,0,0,-0.6639185091813443,0.6648724150853405,0.3422818791946308,0,0.24185602834463257,-0.24220352263823117,0.9395973154362416,0,362.2211256089667,45.387033693319246,21.1241610738255,1,"697/985","-19488/29353","35496/146765","106322767/293530","696/985","19516/29353","-35547/146765","6661228/146765","0","51/149","140/149","6295/298","1"],"plan":{"type":"Box","history":[{"corner1":[19.5,32.5,0]},{"corner2":[-19.5,-32.5,0]}]},"content":[{"type":"graph","matrix":[0.7076142131979695,0.7065989847715736,0,0,-0.6639185091813443,0.6648724150853405,0.3422818791946308,0,0.24185602834463257,-0.24220352263823117,0.9395973154362416,0,362.2211256089667,45.387033693319246,21.1241610738255,1,"697/985","-19488/29353","35496/146765","106322767/293530","696/985","19516/29353","-35547/146765","6661228/146765","0","51/149","140/149","6295/298","1"],"tags":["color:#bababa"],"graph":{"isClosed":true,"isEmpty":false,"isLazy":true,"provenance":"algorithm/cgal/fromSurfaceMeshToLazyGraph","serializedSurfaceMesh":"26\n-39/2 65/2 0\n-39/2 -65/2 0\n39/2 -65/2 0\n39/2 65/2 0\n-39/2 65/2 3/2\n-39/2 -65/2 3/2\n39/2 -65/2 3/2\n39/2 65/2 3/2\n37/2 -31 3/2\n37/2 -31 0\n-37/2 31 3/2\n37/2 31 3/2\n-37/2 -31 3/2\n-37/2 31 0\n37/2 31 0\n-37/2 -31 0\n-39/2 -11326778242818165935/504403158265495552 0\n-39/2 -4747/224 0\n-85617345089902147/4503599627370496 -43263617386389982573/2017612633061982208 0\n-1361241856601112997/72057594037927936 -44397485926535542995/2017612633061982208 0\n-2771084431589011279/144115188075855872 -11326778242818165935/504403158265495552 0\n-39/2 -14939565863894777821/671036344478203904 1417507982714863565/2684145377912815616\n-39/2 -3151/149 145/1192\n-85617345089902147/4503599627370496 -57358184748502136759/2684145377912815616 2172774386261577095/10736581511651262464\n-1361241856601112997/72057594037927936 -58689909543975110409/2684145377912815616 4113287659665052985/10736581511651262464\n-2771084431589011279/144115188075855872 -14939565863894777821/671036344478203904 1417507982714863565/2684145377912815616\n\n52\n3 1 16 15\n3 9 3 2\n3 5 6 8\n3 7 4 11\n3 18 24 23\n3 0 17 22\n3 5 2 6\n3 2 5 1\n3 6 3 7\n3 3 6 2\n3 7 0 4\n3 0 7 3\n3 7 11 8\n3 8 6 7\n3 10 11 4\n3 12 10 4\n3 12 15 10\n3 8 14 9\n3 5 12 4\n3 12 5 8\n3 14 11 13\n3 10 13 11\n3 3 9 14\n3 3 14 13\n3 13 15 0\n3 3 13 0\n3 11 14 8\n3 15 12 9\n3 8 9 12\n3 1 15 2\n3 9 2 15\n3 13 10 15\n3 16 20 15\n3 15 19 0\n3 18 17 0\n3 23 17 18\n3 18 0 19\n3 21 22 25\n3 22 17 23\n3 19 15 20\n3 16 5 21\n3 5 16 1\n3 4 21 5\n3 18 19 24\n3 21 4 22\n3 20 16 25\n3 19 20 25\n3 24 22 23\n3 0 22 4\n3 25 22 24\n3 19 25 24\n3 21 25 16\n","hash":"xN1HGj36FfqRuIawl7Lug4oPCnTYMuaugVNP1z/6Zfk="},"hash":"OlFO2kElUVlsmUsrRbvGmKyAghKhjTG6a/7vabEvH+4=","cache":{"boundingBox":[[326.8452969032125,9.636694716042625,9.999999999999991],[397.9597383572379,80.77406738663855,33.657718120805384]]}}],"hash":"cePaL+0DYYK6CM2AJI6jOEAdaX/hGs4zE3zmxZMeo60="},{"type":"plan","tags":["color:#3c3c3c"],"matrix":[0.7076142131979695,0.7065989847715736,0,0,-0.6639185091813443,0.6648724150853405,0.3422818791946308,0,0.24185602834463257,-0.24220352263823117,0.9395973154362416,0,362.2211256089667,45.387033693319246,21.1241610738255,1,"697/985","-19488/29353","35496/146765","106322767/293530","696/985","19516/29353","-35547/146765","6661228/146765","0","51/149","140/149","6295/298","1"],"plan":{"type":"Box","history":[{"corner1":[18.5,31,0]},{"corner2":[-18.5,-31,0]}]},"content":[{"type":"graph","matrix":[0.7076142131979695,0.7065989847715736,0,0,-0.6639185091813443,0.6648724150853405,0.3422818791946308,0,0.24185602834463257,-0.24220352263823117,0.9395973154362416,0,362.2211256089667,45.387033693319246,21.1241610738255,1,"697/985","-19488/29353","35496/146765","106322767/293530","696/985","19516/29353","-35547/146765","6661228/146765","0","51/149","140/149","6295/298","1"],"tags":["color:#3c3c3c"],"graph":{"isClosed":true,"isEmpty":false,"isLazy":true,"provenance":"algorithm/cgal/fromSurfaceMeshToLazyGraph","serializedSurfaceMesh":"8\n-37/2 31 0\n-37/2 -31 0\n37/2 -31 0\n37/2 31 0\n-37/2 31 3/2\n-37/2 -31 3/2\n37/2 -31 3/2\n37/2 31 3/2\n\n12\n3 1 0 2\n3 3 2 0\n3 4 5 6\n3 6 7 4\n3 4 1 5\n3 1 4 0\n3 5 2 6\n3 2 5 1\n3 6 3 7\n3 3 6 2\n3 7 0 4\n3 0 7 3\n","hash":"pxzkSSJs3udTspfCDUvepIIakEX7ruEY91f0/Pakvws="},"hash":"+dhoL8xr6JbBEaEGUV6rLBRFJw9Gl5EtfQ5lyEWSbAY=","cache":{"boundingBox":[[328.5487888801825,11.34060232344221,10.513422818791938],[396.2562463802679,79.07015977923895,33.14429530201344]]}}],"hash":"TTFOHsZ24QweqV4T5yCTBT03lfR11lQGW2P8/K950gU="}],"hash":"otskMrnnf+ZRe3xv9cUuOrHENntL0NfNUVeb1eU5+Is="}],"hash":"iaMuSOuipHzoT3+J2PGNGwm/TZ+to5looEzeoCaWRTo="}],"hash":"JPPrU1T7oPI2GqCuwBVecphgkNX0JlAx0rHdinPDpmQ="},{"type":"group","tags":[],"matrix":[0.7076142131979695,0.7065989847715736,0,0,-0.6639185091813443,0.6648724150853405,0.3422818791946308,0,0.24185602834463257,-0.24220352263823117,0.9395973154362416,0,398.3045685279188,38.263959390862944,10,1,"697/985","-19488/29353","35496/146765","78466/197","696/985","19516/29353","-35547/146765","7538/197","0","51/149","140/149","10","1"],"content":[{"type":"group","tags":[],"matrix":[0.7076142131979695,0.7065989847715736,0,0,-0.6639185091813443,0.6648724150853405,0.3422818791946308,0,0.24185602834463257,-0.24220352263823117,0.9395973154362416,0,398.3045685279188,38.263959390862944,10,1,"697/985","-19488/29353","35496/146765","78466/197","696/985","19516/29353","-35547/146765","7538/197","0","51/149","140/149","10","1"],"content":[{"type":"item","tags":["part:{\"BOMitemName\":\"Support Rail\",\"numberNeeded\":2,\"costUSD\":3.6,\"source\":\"www.example.com\",\"totalNeeded\":1,\"radius\":0.015384615384615385}"],"matrix":[0.7076142131979695,0.7065989847715736,0,0,-0.6639185091813443,0.6648724150853405,0.3422818791946308,0,0.24185602834463257,-0.24220352263823117,0.9395973154362416,0,391.6653834361053,44.91268354171635,13.422818791946307,1,"697/985","-19488/29353","35496/146765","11496554/29353","696/985","19516/29353","-35547/146765","1318322/29353","0","51/149","140/149","2000/149","1"],"content":[{"type":"plan","tags":["color:#bababa"],"matrix":[-0.24185602834463257,0.24220352263823117,-0.9395973154362416,0,-0.6639185091813443,0.6648724150853405,0.3422818791946308,0,0.7076142131979695,0.7065989847715736,0,0,391.544455421933,45.03378530303546,12.953020134228186,1,"-35496/146765","-19488/29353","697/985","57465022/146765","35547/146765","19516/29353","696/985","13218767/293530","-140/149","51/149","0","1930/149","1"],"plan":{"type":"Box","history":[{"corner1":[0.5,0.5,0]},{"corner2":[-0.5,-0.5,0]}]},"content":[{"type":"graph","matrix":[-0.24185602834463257,0.24220352263823117,-0.9395973154362416,0,-0.6639185091813443,0.6648724150853405,0.3422818791946308,0,0.7076142131979695,0.7065989847715736,0,0,391.544455421933,45.03378530303546,12.953020134228186,1,"-35496/146765","-19488/29353","697/985","57465022/146765","35547/146765","19516/29353","696/985","13218767/293530","-140/149","51/149","0","1930/149","1"],"tags":["color:#bababa","color:#bababa"],"graph":{"isClosed":true,"isEmpty":false,"isLazy":true,"provenance":"algorithm/cgal/fromSurfaceMeshToLazyGraph","serializedSurfaceMesh":"20\n1/2 -1/2 0\n1/2 1/2 0\n1/2 1319054290860958689/10088063165309911040 2117846593999356325/72057594037927936\n1/2 -1/2 40\n1/2 1/2 40\n-1/2 -1/2 0\n1/2 -807270233206161259/2522015791327477760 4362617378165854385/144115188075855872\n-1/2 -1/2 40\n-1/2 22292818155483985/504403158265495552 4284293906385497935/144115188075855872\n1/2 1/2 2494437180617196482286858269509845169/81703838958186787213998914369748992\n-1/2 1/2 2500784285974368656418608166101352625/81703838958186787213998914369748992\n-1/2 1/2 2401446051516838576421326696083586895/81703838958186787213998914369748992\n1/2 -807270233206161259/2522015791327477760 4284293906385497935/144115188075855872\n-1/2 22292818155483985/504403158265495552 4362617378165854385/144115188075855872\n-1/2 998798317359056685/2017612633061982208 2205609048276319835/72057594037927936\n1/2 1/2 2407793156874010750553076592675094351/81703838958186787213998914369748992\n1/2 1319054290860958689/10088063165309911040 2205609048276319835/72057594037927936\n-1/2 1/2 40\n-1/2 1/2 0\n-1/2 998798317359056685/2017612633061982208 2117846593999356325/72057594037927936\n\n36\n3 0 5 18\n3 1 0 18\n3 3 17 7\n3 3 4 17\n3 3 7 0\n3 1 2 0\n3 14 13 7\n3 14 10 16\n3 2 15 11\n3 0 7 5\n3 0 12 3\n3 8 19 18\n3 16 9 4\n3 9 16 10\n3 8 7 13\n3 1 18 11\n3 12 0 2\n3 8 2 19\n3 12 2 8\n3 4 9 10\n3 12 6 3\n3 18 7 8\n3 14 7 17\n3 3 16 4\n3 15 2 1\n3 8 13 12\n3 4 10 17\n3 6 12 13\n3 16 3 6\n3 16 13 14\n3 16 6 13\n3 19 11 18\n3 17 10 14\n3 2 11 19\n3 7 18 5\n3 15 1 11\n","hash":"NqlS48eAaGGNEmk8+gZQdqmRuH6k7MIDCIdxkCcK6Y4="},"hash":"KysXuEHUjtDXC1DVndZ9rUqN9WhuB+RaF9I4t4YCCDU=","cache":{"boundingBox":[[391.09156815316993,44.58024733417366,12.312080536912747],[420.30191121861486,73.75128266276022,13.593959731543626]]}}],"hash":"HFMFGsZ66B7WxX4462DX8qrSea+w1mV0x65Zwoc3a2k="}],"hash":"RkVwhTGNctymuK3CYjFZTxfdpU6gI84Bt3HNhbqQZnQ="},{"type":"item","tags":["part:{\"BOMitemName\":\"Support Rail\",\"numberNeeded\":2,\"costUSD\":3.6,\"source\":\"www.example.com\",\"totalNeeded\":1,\"radius\":0.015384615384615385}"],"matrix":[0.7076142131979695,0.7065989847715736,0,0,-0.6639185091813443,0.6648724150853405,0.3422818791946308,0,0.24185602834463257,-0.24220352263823117,0.9395973154362416,0,359.79729499540076,76.8265594658127,29.85234899328859,1,"697/985","-19488/29353","35496/146765","10561130/29353","696/985","19516/29353","-35547/146765","2255090/29353","0","51/149","140/149","4448/149","1"],"content":[{"type":"plan","tags":["color:#bababa"],"matrix":[-0.24185602834463257,0.24220352263823117,-0.9395973154362416,0,-0.6639185091813443,0.6648724150853405,0.3422818791946308,0,0.7076142131979695,0.7065989847715736,0,0,359.67636698122845,76.9476612271318,29.382550335570468,1,"-35496/146765","-19488/29353","697/985","52787902/146765","35547/146765","19516/29353","696/985","22586447/293530","-140/149","51/149","0","4378/149","1"],"plan":{"type":"Box","history":[{"corner1":[0.5,0.5,0]},{"corner2":[-0.5,-0.5,0]}]},"content":[{"type":"graph","matrix":[-0.24185602834463257,0.24220352263823117,-0.9395973154362416,0,-0.6639185091813443,0.6648724150853405,0.3422818791946308,0,0.7076142131979695,0.7065989847715736,0,0,359.67636698122845,76.9476612271318,29.382550335570468,1,"-35496/146765","-19488/29353","697/985","52787902/146765","35547/146765","19516/29353","696/985","22586447/293530","-140/149","51/149","0