{"type":"group","tags":[],"content":[{"type":"group","tags":[],"content":[{"type":"plan","tags":["color:#fffcf7"],"matrix":[1,0,0,0,0,1,0,0,0,0,1,0,300,180,0,1,"1","0","0","300","0","1","0","180","0","0","1","0","1"],"plan":{"type":"Box","history":[{"corner1":[300,180,0]},{"corner2":[-300,-180,0]}]},"content":[{"type":"graph","matrix":[1,0,0,0,0,1,0,0,0,0,1,0,300,180,0,1,"1","0","0","300","0","1","0","180","0","0","1","0","1"],"tags":["color:#fffcf7"],"graph":{"isClosed":true,"isEmpty":false,"isLazy":true,"provenance":"algorithm/cgal/fromSurfaceMeshToLazyGraph","serializedSurfaceMesh":"20\n300 -180 0\n300 144 0\n-36 144 0\n-36 180 0\n-300 -180 0\n-300 180 0\n-36 180 10\n-300 180 10\n-180 48 10\n300 144 10\n-228 24 10\n-228 48 0\n-180 24 0\n-180 48 0\n-228 48 10\n-228 24 0\n-300 -180 10\n-36 144 10\n-180 24 10\n300 -180 10\n\n40\n3 1 0 2\n3 2 5 3\n3 0 4 2\n3 4 12 2\n3 6 7 17\n3 7 16 10\n3 1 9 19\n3 19 0 1\n3 2 17 9\n3 9 1 2\n3 3 6 17\n3 17 2 3\n3 5 7 6\n3 6 3 5\n3 0 19 16\n3 16 4 0\n3 4 16 7\n3 7 5 4\n3 8 17 7\n3 8 18 17\n3 12 18 13\n3 10 16 18\n3 10 14 7\n3 13 14 11\n3 12 13 2\n3 4 5 15\n3 15 5 11\n3 13 5 2\n3 4 15 12\n3 13 11 5\n3 15 10 12\n3 10 15 14\n3 11 14 15\n3 18 12 10\n3 8 13 18\n3 8 7 14\n3 18 16 17\n3 8 14 13\n3 19 9 16\n3 9 17 16\n","hash":"bLAUQY/fwG63IpONHnd6zEpddp2uJvG7aPaArpdh0Jg="},"cache":{"boundingBox":[[-4.547473508864642e-13,-2.842170943040401e-13,-7.895e-321],[600.000000000001,360.0000000000006,10.000000000000014]]},"hash":"1u7GNy8Qauox+DDWk8Y3dkX2b5qCwnFTdk2FWDwIB2A="}],"hash":"77FGvChTZtQfg1yN9K3roLfMgLQyh8+2jSIZ7UvQQi0="},{"type":"plan","tags":["color:#fffcf7"],"matrix":[1,0,0,0,0,1,0,0,0,0,1,0,96,216,0,1,"1","0","0","96","0","1","0","216","0","0","1","0","1"],"plan":{"type":"Box","history":[{"corner1":[24,12,0]},{"corner2":[-24,-12,0]}]},"content":[{"type":"graph","matrix":[1,0,0,0,0,1,0,0,0,0,1,0,96,216,0,1,"1","0","0","96","0","1","0","216","0","0","1","0","1"],"tags":["color:#fffcf7"],"graph":{"isClosed":true,"isEmpty":false,"isLazy":true,"provenance":"algorithm/cgal/fromSurfaceMeshToLazyGraph","serializedSurfaceMesh":"8\n-24 12 0\n-24 -12 0\n24 -12 0\n24 12 0\n-24 12 60\n-24 -12 60\n24 -12 60\n24 12 60\n\n12\n3 0 2 1\n3 2 0 3\n3 5 6 4\n3 7 4 6\n3 1 5 4\n3 4 0 1\n3 2 6 5\n3 5 1 2\n3 3 7 6\n3 6 2 3\n3 0 4 7\n3 7 3 0\n","hash":"n3UVjgjpp1+sD13gz800Ub5v6ow/znQD+KHYKLr5iSw="},"cache":{"boundingBox":[[71.99999999999984,203.99999999999966,-4.397e-321],[120.00000000000018,228.00000000000037,60.00000000000007]]},"hash":"75N6/t9rVG81YWeGlqHQtQ6ZYUTap6B22AU+xcuZlRw="}],"hash":"1Gwl4IjFoaRvNhmLGfuP8Pnh55lUBFT/iGzbCRHTAHI="},{"type":"group","tags":[],"matrix":[1,0,0,0,0,1,0,0,0,0,1,0,390,276,10,1,"1","0","0","390","0","1","0","276","0","0","1","10","1"],"content":[{"type":"plan","tags":["color:#fffcf7"],"matrix":[1,0,0,0,0,1,0,0,0,0,1,0,342,222,10,1,"1","0","0","342","0","1","0","222","0","0","1","10","1"],"plan":{"type":"Box","history":[{"corner1":[10,5,0]},{"corner2":[-10,-5,0]}]},"content":[{"type":"graph","matrix":[1,0,0,0,0,1,0,0,0,0,1,0,390,276,10,1,"1","0","0","390","0","1","0","276","0","0","1","10","1"],"tags":["color:#fffcf7"],"graph":{"isClosed":true,"isEmpty":false,"isLazy":true,"provenance":"algorithm/cgal/fromSurfaceMeshToLazyGraph","serializedSurfaceMesh":"8\n-58 -49 0\n-58 -59 0\n-38 -59 0\n-38 -49 0\n-58 -49 14\n-58 -59 14\n-38 -59 14\n-38 -49 14\n\n12\n3 0 2 1\n3 3 2 0\n3 5 6 4\n3 4 6 7\n3 1 5 4\n3 4 0 1\n3 2 6 5\n3 5 1 2\n3 3 7 6\n3 6 2 3\n3 0 4 7\n3 7 3 0\n","hash":"h2vFCvuKr8f6uWw4tJfvqyJm6CNCGUdYfVDeBntP2R4="},"cache":{"boundingBox":[[331.9999999999994,216.99999999999952,9.999999999999984],[352.0000000000006,227.00000000000048,24.000000000000032]]},"hash":"vUDOlwJlGo76sg8NAdZFsTK9YwB7oyMjJAKb731voqg="}],"hash":"WCAzIaLF+pKAmBtdp3dGBix+DiCPxWB2c7rV8nbpk2c="},{"type":"plan","tags":["color:#fffcf7"],"matrix":[1,0,0,0,0,1,0,0,0,0,1,0,390,222,10,1,"1","0","0","390","0","1","0","222","0","0","1","10","1"],"plan":{"type":"Arc","history":[{"corner1":[5,5,0]},{"corner2":[-5,-5,0]},{"sides":21}]},"content":[{"type":"graph","matrix":[1,0,0,0,0,1,0,0,0,0,1,0,390,276,10,1,"1","0","0","390","0","1","0","276","0","0","1","10","1"],"tags":["color:#fffcf7"],"graph":{"isClosed":true,"isEmpty":false,"isLazy":true,"provenance":"algorithm/cgal/fromSurfaceMeshToLazyGraph","serializedSurfaceMesh":"72\n1402043918085275/281474976710656 -483052760032035423/9007199254740992 0\n41930065496208065/9007199254740992 -469912175753438583/9007199254740992 0\n45/16 -224592555330172129/4503599627370496 0\n13245881256972045/9007199254740992 -443310850276817523/9007199254740992 0\n2202847643822525/562949953421312 -458347479057291613/9007199254740992 0\n0 -49 0\n-13245881256972045/9007199254740992 -443310850276817523/9007199254740992 0\n-2202847643822525/562949953421312 -458347479057291613/9007199254740992 0\n-41930065496208065/9007199254740992 -469912175753438583/9007199254740992 0\n-45/16 -224592555330172129/4503599627370496 0\n-15312238733059685/4503599627370496 -519415157023397203/9007199254740992 0\n-43881227138481755/9007199254740992 -496396758927948003/9007199254740992 0\n-39031196770544295/9007199254740992 -113/2 0\n-1402043918085275/281474976710656 -483052760032035423/9007199254740992 0\n-39161735890178225/18014398509481984 -131730289100587007/2251799813685248 0\n-27021597764222975/36028797018963968 -530882153664975093/9007199254740992 0\n27021597764222975/36028797018963968 -530882153664975093/9007199254740992 0\n39161735890178225/18014398509481984 -131730289100587007/2251799813685248 0\n15312238733059685/4503599627370496 -519415157023397203/9007199254740992 0\n39031196770544295/9007199254740992 -113/2 0\n43881227138481755/9007199254740992 -496396758927948003/9007199254740992 0\n1402043918085275/281474976710656 -483052760032035423/9007199254740992 14\n41930065496208065/9007199254740992 -469912175753438583/9007199254740992 14\n45/16 -224592555330172129/4503599627370496 14\n13245881256972045/9007199254740992 -443310850276817523/9007199254740992 14\n2202847643822525/562949953421312 -458347479057291613/9007199254740992 14\n0 -49 14\n-13245881256972045/9007199254740992 -443310850276817523/9007199254740992 14\n-2202847643822525/562949953421312 -458347479057291613/9007199254740992 14\n-41930065496208065/9007199254740992 -469912175753438583/9007199254740992 14\n-45/16 -224592555330172129/4503599627370496 14\n-15312238733059685/4503599627370496 -519415157023397203/9007199254740992 14\n-43881227138481755/9007199254740992 -496396758927948003/9007199254740992 14\n-39031196770544295/9007199254740992 -113/2 14\n-1402043918085275/281474976710656 -483052760032035423/9007199254740992 14\n-39161735890178225/18014398509481984 -131730289100587007/2251799813685248 14\n-27021597764222975/36028797018963968 -530882153664975093/9007199254740992 14\n27021597764222975/36028797018963968 -530882153664975093/9007199254740992 14\n39161735890178225/18014398509481984 -131730289100587007/2251799813685248 14\n15312238733059685/4503599627370496 -519415157023397203/9007199254740992 14\n39031196770544295/9007199254740992 -113/2 14\n43881227138481755/9007199254740992 -496396758927948003/9007199254740992 14\n8967013288835224545/14195346025471803392 -823699749569854051607/14195346025471803392 0\n609295651145306493/1774418253183975424 -817193595410529418225/14195346025471803392 0\n103/197 -89919/1576 0\n21201099415043937839/14195346025471803392 -811483215934500731015/14195346025471803392 0\n44125250943842973909/28390692050943606784 -6399382241735565237/110901140823998464 0\n33206958977661284779/28390692050943606784 -103071530072258144907/1774418253183975424 0\n1837603497340746433/1774418253183975424 -807381230865886362865/14195346025471803392 0\n103/197 -89919/1576 4\n44125250943842973909/28390692050943606784 -6399382241735565237/110901140823998464 4\n609295651145306493/1774418253183975424 -817193595410529418225/14195346025471803392 4\n21201099415043937839/14195346025471803392 -811483215934500731015/14195346025471803392 4\n1837603497340746433/1774418253183975424 -807381230865886362865/14195346025471803392 4\n8967013288835224545/14195346025471803392 -823699749569854051607/14195346025471803392 4\n33206958977661284779/28390692050943606784 -103071530072258144907/1774418253183975424 4\n17104122165286391309/17744182531839754240 -1033557550863552596803/17744182531839754240 14\n30425769863048317763/17744182531839754240 -1020255016003233657331/17744182531839754240 14\n5891/3940 -56113/985 4\n17123235002729378291/17744182531839754240 -1006933368305471730877/17744182531839754240 4\n428/985 -224449/3940 4\n1472/985 -228631/3940 14\n5891/3940 -56113/985 14\n3801587304967451837/17744182531839754240 -1020235903165790670349/17744182531839754240 14\n17123235002729378291/17744182531839754240 -1006933368305471730877/17744182531839754240 14\n428/985 -224449/3940 14\n1709/3940 -57157/985 14\n30425769863048317763/17744182531839754240 -1020255016003233657331/17744182531839754240 4\n17104122165286391309/17744182531839754240 -1033557550863552596803/17744182531839754240 4\n1472/985 -228631/3940 4\n1709/3940 -57157/985 4\n3801587304967451837/17744182531839754240 -1020235903165790670349/17744182531839754240 4\n\n144\n3 0 4 1\n3 3 2 5\n3 2 4 0\n3 5 2 9\n3 6 5 9\n3 9 2 13\n3 7 13 8\n3 7 9 13\n3 13 2 0\n3 11 14 10\n3 12 11 10\n3 11 13 14\n3 14 13 15\n3 15 13 16\n3 46 0 16\n3 17 16 0\n3 18 17 20\n3 19 18 20\n3 20 17 0\n3 22 25 21\n3 26 23 24\n3 21 25 23\n3 30 23 26\n3 30 26 27\n3 34 23 30\n3 29 34 28\n3 34 30 28\n3 21 23 34\n3 31 35 32\n3 31 32 33\n3 35 34 32\n3 36 34 35\n3 37 34 36\n3 50 55 69\n3 21 57 38\n3 41 38 39\n3 41 39 40\n3 21 38 41\n3 1 22 21\n3 21 0 1\n3 4 25 22\n3 22 1 4\n3 3 24 23\n3 23 2 3\n3 5 26 24\n3 24 3 5\n3 2 23 25\n3 25 4 2\n3 6 27 26\n3 26 5 6\n3 9 30 27\n3 27 6 9\n3 8 29 28\n3 28 7 8\n3 13 34 29\n3 29 8 13\n3 7 28 30\n3 30 9 7\n3 14 35 31\n3 31 10 14\n3 12 33 32\n3 32 11 12\n3 10 31 33\n3 33 12 10\n3 11 32 34\n3 34 13 11\n3 15 36 35\n3 35 14 15\n3 16 37 36\n3 36 15 16\n3 17 38 37\n3 37 16 17\n3 18 39 38\n3 38 17 18\n3 19 40 39\n3 39 18 19\n3 20 41 40\n3 40 19 20\n3 0 21 41\n3 41 20 0\n3 54 55 47\n3 13 43 16\n3 16 43 42\n3 48 0 45\n3 13 44 43\n3 13 0 48\n3 50 45 46\n3 47 46 16\n3 45 0 46\n3 42 47 16\n3 43 51 42\n3 44 13 48\n3 43 44 49\n3 49 51 43\n3 42 54 47\n3 47 55 46\n3 48 45 52\n3 48 53 44\n3 51 54 42\n3 63 66 70\n3 52 53 48\n3 53 49 44\n3 50 52 45\n3 66 56 68\n3 62 64 58\n3 59 65 60\n3 50 46 55\n3 67 62 58\n3 64 65 59\n3 58 64 59\n3 57 62 67\n3 61 57 69\n3 60 63 71\n3 53 58 59\n3 55 70 68\n3 51 60 71\n3 61 38 57\n3 38 56 37\n3 50 69 67\n3 56 38 61\n3 62 57 21\n3 67 58 52\n3 66 34 37\n3 34 64 21\n3 67 52 50\n3 66 63 34\n3 53 52 58\n3 64 62 21\n3 69 57 67\n3 49 53 59\n3 64 34 65\n3 59 60 49\n3 56 66 37\n3 65 63 60\n3 70 71 63\n3 63 65 34\n3 68 56 69\n3 69 55 68\n3 61 69 56\n3 55 54 70\n3 51 49 60\n3 68 70 66\n3 71 70 54\n3 54 51 71\n","hash":"FZMNXbTi/hZ8+RVCHh9W1fJacX/OiNpYoIaOJaDYUec="},"cache":{"boundingBox":[[385.01893939393875,217.06024096385494,9.999999999999984],[394.98106060606125,227.00000000000048,24.000000000000032]]},"hash":"qfOWHNZYdKH8e1xIYK+ovggFI7meLWD10bH13NAyaF4="}],"hash":"R8lIdNm/yd4UQjBnEJidkeNqsUSHr95mUAab2MJyj1M="},{"type":"plan","tags":["color:#fffcf7"],"matrix":[1,0,0,0,0,1,0,0,0,0,1,0,390,258,10,1,"1","0","0","390","0","1","0","258","0","0","1","10","1"],"plan":{"type":"Arc","history":[{"corner1":[4,4,0]},{"corner2":[-4,-4,0]},{"sides":19}]},"content":[{"type":"graph","matrix":[1,0,0,0,0,1,0,0,0,0,1,0,390,276,10,1,"1","0","0","390","0","1","0","276","0","0","1","10","1"],"tags":["color:#fffcf7"],"graph":{"isClosed":true,"isEmpty":false,"isLazy":true,"provenance":"algorithm/cgal/fromSurfaceMeshToLazyGraph","serializedSurfaceMesh":"38\n-8256599316845909/2251799813685248 -88317343341940895/4503599627370496 0\n-4483759981434943/1125899906842624 -330263972673836373/18014398509481984 0\n-6622940628486023/2251799813685248 -46634047754384813/2251799813685248 0\n-4289142502257615/2251799813685248 -6057341498813317/281474976710656 0\n-2947810665187961/4503599627370496 -6176132097680191/281474976710656 0\n2947810665187961/4503599627370496 -6176132097680191/281474976710656 0\n4289142502257615/2251799813685248 -6057341498813317/281474976710656 0\n6622940628486023/2251799813685248 -46634047754384813/2251799813685248 0\n8256599316845909/2251799813685248 -88317343341940895/4503599627370496 0\n4483759981434943/1125899906842624 -330263972673836373/18014398509481984 0\n-31/8 -76653103861775381/4503599627370496 0\n31/8 -76653103861775381/4503599627370496 0\n7546572348566777/2251799813685248 -35599882768738207/2251799813685248 0\n2763572498613713/1125899906842624 -33421449866275787/2251799813685248 0\n5842507624696859/4503599627370496 -32012073026984877/2251799813685248 0\n0 -14 0\n-5842507624696859/4503599627370496 -32012073026984877/2251799813685248 0\n-2763572498613713/1125899906842624 -33421449866275787/2251799813685248 0\n-7546572348566777/2251799813685248 -35599882768738207/2251799813685248 0\n-8256599316845909/2251799813685248 -88317343341940895/4503599627370496 14\n-4483759981434943/1125899906842624 -330263972673836373/18014398509481984 14\n-6622940628486023/2251799813685248 -46634047754384813/2251799813685248 14\n-4289142502257615/2251799813685248 -6057341498813317/281474976710656 14\n-2947810665187961/4503599627370496 -6176132097680191/281474976710656 14\n2947810665187961/4503599627370496 -6176132097680191/281474976710656 14\n4289142502257615/2251799813685248 -6057341498813317/281474976710656 14\n6622940628486023/2251799813685248 -46634047754384813/2251799813685248 14\n8256599316845909/2251799813685248 -88317343341940895/4503599627370496 14\n4483759981434943/1125899906842624 -330263972673836373/18014398509481984 14\n-31/8 -76653103861775381/4503599627370496 14\n31/8 -76653103861775381/4503599627370496 14\n7546572348566777/2251799813685248 -35599882768738207/2251799813685248 14\n2763572498613713/1125899906842624 -33421449866275787/2251799813685248 14\n5842507624696859/4503599627370496 -32012073026984877/2251799813685248 14\n0 -14 14\n-5842507624696859/4503599627370496 -32012073026984877/2251799813685248 14\n-2763572498613713/1125899906842624 -33421449866275787/2251799813685248 14\n-7546572348566777/2251799813685248 -35599882768738207/2251799813685248 14\n\n72\n3 2 0 1\n3 3 2 4\n3 2 1 4\n3 4 1 5\n3 5 1 9\n3 6 5 7\n3 7 5 9\n3 8 7 9\n3 9 1 11\n3 11 1 10\n3 12 11 13\n3 13 11 14\n3 14 11 15\n3 15 11 10\n3 16 15 10\n3 17 16 10\n3 18 17 10\n3 20 19 21\n3 23 21 22\n3 23 20 21\n3 24 20 23\n3 28 20 24\n3 26 24 25\n3 28 24 26\n3 28 26 27\n3 30 20 28\n3 29 20 30\n3 32 30 31\n3 33 30 32\n3 34 30 33\n3 29 30 34\n3 29 34 35\n3 29 35 36\n3 29 36 37\n3 2 21 19\n3 19 0 2\n3 0 19 20\n3 20 1 0\n3 3 22 21\n3 21 2 3\n3 4 23 22\n3 22 3 4\n3 5 24 23\n3 23 4 5\n3 6 25 24\n3 24 5 6\n3 7 26 25\n3 25 6 7\n3 8 27 26\n3 26 7 8\n3 9 28 27\n3 27 8 9\n3 11 30 28\n3 28 9 11\n3 1 20 29\n3 29 10 1\n3 12 31 30\n3 30 11 12\n3 13 32 31\n3 31 12 13\n3 14 33 32\n3 32 13 14\n3 15 34 33\n3 33 14 15\n3 16 35 34\n3 34 15 16\n3 17 36 35\n3 35 16 17\n3 18 37 36\n3 36 17 18\n3 10 29 37\n3 37 18 10\n","hash":"37Uc/X2TwgCo4MMAm2fLbACMVafQtcsenhWraIaIgTU="},"cache":{"boundingBox":[[386.0176211453738,254.05797101449227,9.999999999999984],[393.9823788546262,262.00000000000057,24.000000000000032]]},"hash":"i/RG0faxuQtGhNCQwTsv63Nh4ZHAv2Wfj/4m0BJ/h4E="}],"hash":"oVf7OZnIzPYv1bFHpIgQ6SVROP12HEXCeKlWX15i40g="},{"type":"plan","tags":["color:#fffcf7"],"matrix":[1,0,0,0,0,1,0,0,0,0,1,0,390,276,10,1,"1","0","0","390","0","1","0","276","0","0","1","10","1"],"plan":{"type":"Arc","history":[{"corner1":[2,2,0]},{"corner2":[-2,-2,0]},{"sides":13}]},"content":[{"type":"graph","matrix":[1,0,0,0,0,1,0,0,0,0,1,0,390,276,10,1,"1","0","0","390","0","1","0","276","0","0","1","10","1"],"tags":["color:#fffcf7"],"graph":{"isClosed":true,"isEmpty":false,"isLazy":true,"provenance":"algorithm/cgal/fromSurfaceMeshToLazyGraph","serializedSurfaceMesh":"26\n8932759591478669/4503599627370496 1080863910568919/4503599627370496 0\n3708846751952173/2251799813685248 639024271451219/562949953421312 0\n8363827879402349/9007199254740992 1991976758260027/1125899906842624 0\n0 2 0\n-8363827879402349/9007199254740992 1991976758260027/1125899906842624 0\n-3708846751952173/2251799813685248 639024271451219/562949953421312 0\n-8932759591478669/4503599627370496 1080863910568919/4503599627370496 0\n-8426089625402863/4503599627370496 -6392205922719413/9007199254740992 0\n-2982113266772355/2251799813685248 -3366768653471147/2251799813685248 0\n-1080863910568919/2251799813685248 -8742281629601551/4503599627370496 0\n1080863910568919/2251799813685248 -8742281629601551/4503599627370496 0\n2982113266772355/2251799813685248 -3366768653471147/2251799813685248 0\n8426089625402863/4503599627370496 -6392205922719413/9007199254740992 0\n8932759591478669/4503599627370496 1080863910568919/4503599627370496 14\n3708846751952173/2251799813685248 639024271451219/562949953421312 14\n8363827879402349/9007199254740992 1991976758260027/1125899906842624 14\n0 2 14\n-8363827879402349/9007199254740992 1991976758260027/1125899906842624 14\n-3708846751952173/2251799813685248 639024271451219/562949953421312 14\n-8932759591478669/4503599627370496 1080863910568919/4503599627370496 14\n-8426089625402863/4503599627370496 -6392205922719413/9007199254740992 14\n-2982113266772355/2251799813685248 -3366768653471147/2251799813685248 14\n-1080863910568919/2251799813685248 -8742281629601551/4503599627370496 14\n1080863910568919/2251799813685248 -8742281629601551/4503599627370496 14\n2982113266772355/2251799813685248 -3366768653471147/2251799813685248 14\n8426089625402863/4503599627370496 -6392205922719413/9007199254740992 14\n\n48\n3 0 2 1\n3 4 8 6\n3 3 2 4\n3 5 4 6\n3 4 2 8\n3 7 6 8\n3 8 2 11\n3 9 8 10\n3 10 8 11\n3 11 2 0\n3 12 11 0\n3 14 15 13\n3 19 21 17\n3 17 15 16\n3 19 17 18\n3 21 15 17\n3 21 19 20\n3 24 15 21\n3 23 21 22\n3 24 21 23\n3 13 15 24\n3 13 24 25\n3 1 14 13\n3 13 0 1\n3 2 15 14\n3 14 1 2\n3 3 16 15\n3 15 2 3\n3 4 17 16\n3 16 3 4\n3 5 18 17\n3 17 4 5\n3 6 19 18\n3 18 5 6\n3 7 20 19\n3 19 6 7\n3 8 21 20\n3 20 7 8\n3 9 22 21\n3 21 8 9\n3 10 23 22\n3 22 9 10\n3 11 24 23\n3 23 10 11\n3 12 25 24\n3 24 11 12\n3 0 13 25\n3 25 12 0\n","hash":"ziq5ihbLAmyVFWaSLzaPUKgohIe39OmWDsF7yETD0Vw="},"cache":{"boundingBox":[[388.0165289256192,274.05882352941114,9.999999999999984],[391.9834710743808,278.00000000000057,24.000000000000032]]},"hash":"JOeF35OgiNnh6wOe2cSITcRs+z5fpK65WYf9FwRqa64="}],"hash":"eWZ34pdCGFCiHVcrShMwGJKwi755Sl5al4vfITjLnA0="}],"hash":"aMc1M4DH0Pkxl4rUD+FMg7p14wNr6GogXEAnhZCpxAU="}],"hash":"3VKvDjm/3J9ddi5hgP28+H8+FIKAfxSK3WYyZD48ot8="},{"type":"group","tags":[],"matrix":[1,0,0,0,0,1,0,0,0,0,1,0,480,10,10,1,"1","0","0","480","0","1","0","10","0","0","1","10","1"],"content":[{"type":"group","tags":[],"matrix":[0.7076142131979695,0.7065989847715736,0,0,-0.7065989847715736,0.7076142131979695,0,0,0,0,1,0,370,10,10,1,"697/985","-696/985","0","370","696/985","697/985","0","10","0","0","1","10","1"],"content":[{"type":"group","tags":[],"matrix":[0.7076142131979695,0.7065989847715736,0,0,-0.7065989847715736,0.7076142131979695,0,0,0,0,1,0,370,10,10,1,"697/985","-696/985","0","370","696/985","697/985","0","10","0","0","1","10","1"],"content":[{"type":"group","tags":[],"matrix":[0.7076142131979695,0.7065989847715736,0,0,-0.671713997110307,0.6726791034279942,0.3103274559193954,0,0.2192770652993901,-0.21959211855413058,0.9506297229219143,0,370,10,10,1,"697/985","-1313352/1955225","428736/1955225","370","696/985","1315239/1955225","-429352/1955225","10","0","616/1985","1887/1985","10","1"],"content":[{"type":"group","tags":[],"matrix":[0.7076142131979695,0.7065989847715736,0,0,-0.671713997110307,0.6726791034279942,0.3103274559193954,0,0.2192770652993901,-0.21959211855413058,0.9506297229219143,0,370,10,10,1,"697/985","-1313352/1955225","428736/1955225","370","696/985","1315239/1955225","-429352/1955225","10","0","616/1985","1887/1985","10","1"],"content":[{"type":"item","tags":["part:{\"BOMitemName\":\"Support Rail\",\"numberNeeded\":2,\"costUSD\":3.6,\"source\":\"www.example.com\",\"totalNeeded\":1,\"radius\":0.015384615384615385}"],"matrix":[0.7076142131979695,0.7065989847715736,0,0,-0.671713997110307,0.6726791034279942,0.3103274559193954,0,0.2192770652993901,-0.21959211855413058,0.9506297229219143,0,363.2828600288969,16.72679103427994,13.103274559193954,1,"697/985","-1313352/1955225","428736/1955225","142059946/391045","696/985","1315239/1955225","-429352/1955225","6540928/391045","0","616/1985","1887/1985","5202/397","1"],"content":[{"type":"plan","tags":["color:#bababa"],"matrix":[-0.2192770652993901,0.21959211855413058,-0.9506297229219143,0,-0.671713997110307,0.6726791034279942,0.3103274559193954,0,0.7076142131979695,0.7065989847715736,0,0,363.1732214962472,16.836587093557007,12.627959697732997,1,"-428736/1955225","-1313352/1955225","697/985","710085362/1955225","429352/1955225","1315239/1955225","696/985","32919316/1955225","-1887/1985","616/1985","0","50133/3970","1"],"plan":{"type":"Box","history":[{"corner1":[0.5,0.5,0]},{"corner2":[-0.5,-0.5,0]}]},"content":[{"type":"graph","matrix":[-0.2192770652993901,0.21959211855413058,-0.9506297229219143,0,-0.671713997110307,0.6726791034279942,0.3103274559193954,0,0.7076142131979695,0.7065989847715736,0,0,363.1732214962472,16.836587093557007,12.627959697732997,1,"-428736/1955225","-1313352/1955225","697/985","710085362/1955225","429352/1955225","1315239/1955225","696/985","32919316/1955225","-1887/1985","616/1985","0","50133/3970","1"],"tags":["color:#bababa","color:#bababa"],"graph":{"isClosed":true,"isEmpty":false,"isLazy":true,"provenance":"algorithm/cgal/fromSurfaceMeshToLazyGraph","serializedSurfaceMesh":"14\n1/2 -1/2 0\n1/2 -1/2 40\n1/2 1/2 40\n1/2 -4518986926097344533/11331056662464167936 0\n1/2 1/2 556419135985864396596777630977681773/1088470606255038742414683523650682880\n1/2 6363085873515915229/135972679949570015232 43881227138481755/72057594037927936\n1/2 -4518986926097344533/11331056662464167936 39161735890178225/144115188075855872\n-1/2 1/2 633082212456806735129286185886869869/1088470606255038742414683523650682880\n-1/2 -1/2 40\n-1/2 -2460091296451131455/33993169987392503808 39161735890178225/144115188075855872\n-1/2 1/2 40\n-1/2 50750563800879523805/135972679949570015232 43881227138481755/72057594037927936\n-1/2 -1/2 0\n-1/2 -2460091296451131455/33993169987392503808 0\n\n24\n3 0 13 3\n3 1 10 8\n3 2 10 1\n3 1 8 0\n3 4 2 1\n3 12 13 0\n3 6 3 13\n3 4 7 2\n3 3 6 0\n3 7 5 11\n3 1 0 6\n3 6 13 9\n3 6 5 1\n3 1 5 4\n3 13 12 9\n3 6 9 11\n3 6 11 5\n3 12 8 9\n3 8 12 0\n3 11 10 7\n3 8 11 9\n3 11 8 10\n3 2 7 10\n3 4 5 7\n","hash":"7qF7602Tq3szmUvJGxg9vENj4HRzm2J6z9VBkCgIv2k="},"cache":{"boundingBox":[[363.08945377547235,16.390451482565158,11.997481108312014],[391.92328555537176,45.5466820954118,13.258438287153982]]},"hash":"DW9AIFBcgnb5vMBqq8E0xNWv23VYoHm17D4/TfyX3mM="}],"hash":"gA6+RYgzePTCEW0sZVRDSC3yTL0K9tZQ6AS0XZvIUm4="}],"hash":"ZfTkjVrd0x6+HDaTVBnIW0lXiGc7HGN4qH/PMf/m7I0="},{"type":"item","tags":["part:{\"BOMitemName\":\"Support Rail\",\"numberNeeded\":2,\"costUSD\":3.6,\"source\":\"www.example.com\",\"totalNeeded\":1,\"radius\":0.015384615384615385}"],"matrix":[0.7076142131979695,0.7065989847715736,0,0,-0.671713997110307,0.6726791034279942,0.3103274559193954,0,0.2192770652993901,-0.21959211855413058,0.9506297229219143,0,331.04058816760215,49.01538799882366,27.998992443324934,1,"697/985","-1313352/1955225","428736/1955225","647258834/1955225","696/985","1315239/1955225","-429352/1955225","95836112/1955225","0","616/1985","1887/1985","55578/1985","1"],"content":[{"type":"plan","tags":["color:#bababa"],"matrix":[-0.2192770652993901,0.21959211855413058,-0.9506297229219143,0,-0.671713997110307,0.6726791034279942,0.3103274559193954,0,0.7076142131979695,0.7065989847715736,0,0,330.93094963495247,49.12518405810073,27.52367758186398,1,"-428736/1955225","-1313352/1955225","697/985","647044466/1955225","429352/1955225","1315239/1955225","696/985","96050788/1955225","-1887/1985","616/1985","0","109269/3970","1"],"plan":{"type":"Box","history":[{"corner1":[0.5,0.5,0]},{"corner2":[-0.5,-0.5,0]}]},"content":[{"type":"graph","matrix":[-0.2192770652993901,0.21959211855413058,-0.9506297229219143,0,-0.671713997110307,0.6726791034279942,0.3103274559193954,0,0.7076142131979695,0.7065989847715736,0,0,330.93094963495247,49.12518405810073,27.52367758186398,1,"-428736/1955225","-1313352/1955225","697/985","647044466/1955225","429352/1955225","1315239/1955225","696/985","96050788/1955225","-1887/1985","616/1985","0","109269/3970","1"],"tags":["color:#bababa","color:#bababa"],"graph":{"isClosed":true,"isEmpty":false,"isLazy":true,"provenance":"algorithm/cgal/fromSurfaceMeshToLazyGraph","serializedSurfaceMesh":"14\n1/2 1/2 0\n-1/2 -1/2 3084746056962088465/5058530976577221236\n1/2 -1/2 40\n1/2 1/2 40\n1/2 2990719684254059827/33993169987392503808 9556418721493491/18014398509481984\n1/2 -1/2 18671594523398023861/25292654882886106180\n1/2 -887/1887 3/4\n-135/2464 1/2 0\n1/2 2407/7548 0\n-1/2 -1/2 40\n-1/2 -271/1887 3/4\n-1/2 1/2 3494463779159453209/10465926158435632060\n-1/2 1/2 40\n-1/2 14087589166094961971/33993169987392503808 9556418721493491/18014398509481984\n\n24\n3 2 12 9\n3 3 12 2\n3 0 3 2\n3 4 8 0\n3 7 11 0\n3 4 0 2\n3 5 10 6\n3 7 8 11\n3 6 2 5\n3 0 11 3\n3 2 9 5\n3 6 4 2\n3 13 4 10\n3 5 1 10\n3 7 0 8\n3 11 8 4\n3 10 4 6\n3 4 13 11\n3 11 12 3\n3 5 9 1\n3 12 11 13\n3 13 10 12\n3 1 9 10\n3 9 12 10\n","hash":"aTWiLLwPYdBXjRiwhKbYEftIKwGeosfRZx7BCXvVsWk="},"cache":{"boundingBox":[[330.48545410374686,49.10994003247635,26.89319899244298],[359.681013694077,77.83527905995551,28.154156171284956]]},"hash":"B2aPMhMaGZ5TQODgCUnOxuQt4/VaSNN+RQkqZZvNR9Y="}],"hash":"ZQdLIqSjB0W/x5kCHfe7YSKjbo9ZNMJK6ryjecu2p+0="}],"hash":"F6Rbs7QGnHYXb6eR5PfqsQnPrHPVW6oITPa5OLoLaAQ="}],"hash":"03hUCNXOIB5FjsH32ehO84sYBbBRou/X2LatfVcXwWM="},{"type":"group","tags":[],"matrix":[0.7076142131979695,0.7065989847715736,0,0,-0.671713997110307,0.6726791034279942,0.3103274559193954,0,0.2192770652993901,-0.21959211855413058,0.9506297229219143,0,361.9677722512754,45.64075106445549,20.08564231738035,1,"697/985","-1313352/1955225","428736/1955225","56618275/156418","696/985","1315239/1955225","-429352/1955225","7139035/156418","0","616/1985","1887/1985","7974/397","1"],"content":[{"type":"item","tags":["part:{\"BOMitemName\":\"400 Watt Solar Pannel\",\"numberNeeded\":1,\"costUSD\":312,\"source\":\"https://www.ecodirect.com/Canadian-Solar-CS1Y-400W-All-Black-Solar-Panel-p/canadian-solar-cs1y-400m5.htm\",\"totalNeeded\":1,\"radius\":0.015384615384615385}"],"matrix":[0.7076142131979695,0.7065989847715736,0,0,-0.671713997110307,0.6726791034279942,0.3103274559193954,0,0.2192770652993901,-0.21959211855413058,0.9506297229219143,0,361.9677722512754,45.64075106445549,20.08564231738035,1,"697/985","-1313352/1955225","428736/1955225","56618275/156418","696/985","1315239/1955225","-429352/1955225","7139035/156418","0","616/1985","1887/1985","7974/397","1"],"content":[{"type":"plan","tags":["color:#bababa"],"matrix":[0.7076142131979695,0.7065989847715736,0,0,-0.671713997110307,0.6726791034279942,0.3103274559193954,0,0.2192770652993901,-0.21959211855413058,0.9506297229219143,0,361.9677722512754,45.64075106445549,20.08564231738035,1,"697/985","-1313352/1955225","428736/1955225","56618275/156418","696/985","1315239/1955225","-429352/1955225","7139035/156418","0","616/1985","1887/1985","7974/397","1"],"plan":{"type":"Box","history":[{"corner1":[19.5,32.5,0]},{"corner2":[-19.5,-32.5,0]}]},"content":[{"type":"graph","matrix":[0.7076142131979695,0.7065989847715736,0,0,-0.671713997110307,0.6726791034279942,0.3103274559193954,0,0.2192770652993901,-0.21959211855413058,0.9506297229219143,0,361.9677722512754,45.64075106445549,20.08564231738035,1,"697/985","-1313352/1955225","428736/1955225","56618275/156418","696/985","1315239/1955225","-429352/1955225","7139035/156418","0","616/1985","1887/1985","7974/397","1"],"tags":["color:#bababa"],"graph":{"isClosed":true,"isEmpty":false,"isLazy":true,"provenance":"algorithm/cgal/fromSurfaceMeshToLazyGraph","serializedSurfaceMesh":"36\n-39/2 65/2 0\n-39/2 -65/2 0\n39/2 -65/2 0\n39/2 65/2 0\n-39/2 65/2 3/2\n-39/2 -65/2 3/2\n39/2 -65/2 3/2\n39/2 65/2 3/2\n37/2 -31 3/2\n-37/2 31 3/2\n37/2 31 3/2\n-37/2 -31 3/2\n-37/2 31 0\n37/2 31 0\n-37/2 -31 0\n37/2 -31 0\n-39/2 -767306416012782467135/33993169987392503808 0\n-39/2 -18935/888 0\n-39/2 -796955864159576127649/35758581041321738240 3905746776837062579/4469822630165217280\n-85617345089902147/4503599627370496 -977702304840397628255/45324226649856671744 0\n-1361241856601112997/72057594037927936 -3008634735064445818915/135972679949570015232 0\n-341724352213405197/18014398509481984 880913423844603809075/33993169987392503808 0\n-39/2 197345/7548 0\n-85617345089902147/4503599627370496 -3058424927488183055491/143034324165286952960 10342813951778906361/17879290520660869120\n-1361241856601112997/72057594037927936 -3130223918604111663421/143034324165286952960 13272608501819448391/17879290520660869120\n-2771084431589011279/144115188075855872 -796955864159576127649/35758581041321738240 3905746776837062579/4469822630165217280\n-39/2 185435/7548 0\n-39/2 209567/7940 1511/1985\n-39/2 39649/1588 487/397\n-75/4 95695/3774 0\n-341724352213405197/18014398509481984 842974441520274649805/33993169987392503808 0\n-341724352213405197/18014398509481984 900278023491150139859/35758581041321738240 5178645273955993111/4469822630165217280\n-75/4 101953/3970 1973/1985\n-2771084431589011279/144115188075855872 -767306416012782467135/33993169987392503808 0\n-341724352213405197/18014398509481984 936343947746066574893/35758581041321738240 3706956790845995497/4469822630165217280\n-39/2 -335993/15880 1003/1985\n\n72\n3 16 14 1\n3 3 2 15\n3 6 8 5\n3 4 10 7\n3 2 6 5\n3 5 1 2\n3 3 7 6\n3 6 2 3\n3 0 4 7\n3 7 3 0\n3 10 8 7\n3 6 7 8\n3 10 4 9\n3 9 4 11\n3 14 9 11\n3 13 15 8\n3 11 4 5\n3 5 8 11\n3 10 12 13\n3 12 10 9\n3 15 13 3\n3 13 12 3\n3 12 0 3\n3 13 8 10\n3 11 15 14\n3 15 11 8\n3 14 2 1\n3 2 14 15\n3 9 14 12\n3 18 16 1\n3 27 0 22\n3 16 33 14\n3 35 17 23\n3 28 31 30\n3 34 21 32\n3 20 19 30\n3 21 22 0\n3 33 18 25\n3 30 14 20\n3 5 18 1\n3 17 35 4\n3 18 5 4\n3 19 17 30\n3 35 23 24\n3 30 26 28\n3 25 35 24\n3 23 19 24\n3 20 33 25\n3 20 25 24\n3 32 29 31\n3 16 18 33\n3 4 0 27\n3 28 26 17\n3 4 27 28\n3 4 28 17\n3 29 21 12\n3 12 21 0\n3 34 32 27\n3 32 28 27\n3 29 12 14\n3 31 28 32\n3 30 29 14\n3 21 34 22\n3 30 31 29\n3 29 32 21\n3 30 17 26\n3 35 18 4\n3 27 22 34\n3 18 35 25\n3 20 14 33\n3 20 24 19\n3 19 23 17\n","hash":"KTEqxnEBqG0niBSBwOBnywOheZ+18av+j2MQCzrE2QQ="},"cache":{"boundingBox":[[326.33859018782914,9.670611822168011,9.999999999999677],[397.9258699126708,81.28150212891184,31.597229219143912]]},"hash":"jN5QYVXPKKGpZ5rhRf0O2FosdbzblJi8QLd1Zmr+iQA="}],"hash":"eSqHTTWTi0yhi1K3OhhrtK45sRp3XqO6GLr7xE1Ge0o="}],"hash":"eV2asbb/pj1a/H1j6jTbOfPT+6EnwQgdYCwPW1yDyN0="},{"type":"plan","tags":["color:#3c3c3c","user:Solar"],"matrix":[0.7076142131979695,0.7065989847715736,0,0,-0.671713997110307,0.6726791034279942,0.3103274559193954,0,0.2192770652993901,-0.21959211855413058,0.9506297229219143,0,361.9677722512754,45.64075106445549,20.08564231738035,1,"697/985","-1313352/1955225","428736/1955225","56618275/156418","696/985","1315239/1955225","-429352/1955225","7139035/156418","0","616/1985","1887/1985","7974/397","1"],"plan":{"type":"Box","history":[{"corner1":[18.5,31,0]},{"corner2":[-18.5,-31,0]}]},"content":[{"type":"graph","matrix":[0.7076142131979695,0.7065989847715736,0,0,-0.671713997110307,0.6726791034279942,0.3103274559193954,0,0.2192770652993901,-0.21959211855413058,0.9506297229219143,0,361.9677722512754,45.64075106445549,20.08564231738035,1,"697/985","-1313352/1955225","428736/1955225","56618275/156418","696/985","1315239/1955225","-429352/1955225","7139035/156418","0","616/1985","1887/1985","7974/397","1"],"tags":["color:#3c3c3c","user:Solar"],"graph":{"isClosed":true,"isEmpty":false,"isLazy":true,"provenance":"algorithm/cgal/fromSurfaceMeshToLazyGraph","serializedSurfaceMesh":"8\n-37/2 31 0\n-37/2 -31 0\n37/2 -31 0\n37/2 31 0\n-37/2 31 3/2\n-37/2 -31 3/2\n37/2 -31 3/2\n37/2 31 3/2\n\n12\n3 0 2 1\n3 2 0 3\n3 5 6 4\n3 7 4 6\n3 1 5 4\n3 4 0 1\n3 2 6 5\n3 5 1 2\n3 3 7 6\n3 6 2 3\n3 0 4 7\n3 7 3 0\n","hash":"iHbRm4ngowT5Cto0wSOzfqWBZnB/19B35ndJihYoaXg="},"cache":{"boundingBox":[[328.0537753966926,11.386229462081564,10.465491183878758],[396.2106847038074,79.56588448899826,31.131738035264817]]},"hash":"wfb6YtrolZjzr4JFzotzG2FSkeYS0/c8LiHAmWBPWSk="}],"hash":"i3RTotxaPuiJ7g7gZwXfH360d7a+ITxtPckaeCx+ez0="}],"hash":"M0pQdOVBJfmfJnFQflApm2oI37xjWgd4ZiZ9bnDV8Ug="}],"hash":"NnCSNhRg1uaEHaY9dh5HA/eUQd0Uvgxn2TvOP2BEPEU="},{"type":"group","tags":[],"matrix":[0.7076142131979695,0.7065989847715736,0,0,-0.671713997110307,0.6726791034279942,0.3103274559193954,0,0.2192770652993901,-0.21959211855413058,0.9506297229219143,0,398.3045685279188,38.263959390862944,10,1,"697/985","-1313352/1955225","428736/1955225","78466/197","696/985","1315239/1955225","-429352/1955225","7538/197","0","616/1985","1887/1985","10","1"],"content":[{"type":"group","tags":[],"matrix":[0.7076142131979695,0.7065989847715736,0,0,-0.671713997110307,0.6726791034279942,0.3103274559193954,0,0.2192770652993901,-0.21959211855413058,0.9506297229219143,0,398.3045685279188,38.263959390862944,10,1,"697/985","-1313352/1955225","428736/1955225","78466/197","696/985","1315239/1955225","-429352/1955225","7538/197","0","616/1985","1887/1985","10","1"],"content":[{"type":"item","tags":["part:{\"BOMitemName\":\"Support Rail\",\"numberNeeded\":2,\"costUSD\":3.6,\"source\":\"www.example.com\",\"totalNeeded\":1,\"radius\":0.015384615384615385}"],"matrix":[0.7076142131979695,0.7065989847715736,0,0,-0.671713997110307,0.6726791034279942,0.3103274559193954,0,0.2192770652993901,-0.21959211855413058,0.9506297229219143,0,391.58742855681567,44.990750425142885,13.103274559193954,1,"697/985","-1313352/1955225","428736/1955225","153128306/391045","696/985","1315239/1955225","-429352/1955225","17593408/391045","0","616/1985","1887/1985","5202/397","1"],"content":[{"type":"plan","tags":["color:#bababa"],"matrix":[-0.2192770652993901,0.21959211855413058,-0.9506297229219143,0,-0.671713997110307,0.6726791034279942,0.3103274559193954,0,0.7076142131979695,0.7065989847715736,0,0,391.477790024166,45.10054648441995,12.627959697732997,1,"-428736/1955225","-1313352/1955225","697/985","765427162/1955225","429352/1955225","1315239/1955225","696/985","88181716/1955225","-1887/1985","616/1985","0","50133/3970","1"],"plan":{"type":"Box","history":[{"corner1":[0.5,0.5,0]},{"corner2":[-0.5,-0.5,0]}]},"content":[{"type":"graph","matrix":[-0.2192770652993901,0.21959211855413058,-0.9506297229219143,0,-0.671713997110307,0.6726791034279942,0.3103274559193954,0,0.7076142131979695,0.7065989847715736,0,0,391.477790024166,45.10054648441995,12.627959697732997,1,"-428736/1955225","-1313352/1955225","697/985","765427162/1955225","429352/1955225","1315239/1955225","696/985","88181716/1955225","-1887/1985","616/1985","0","50133/3970","1"],"tags":["color:#bababa","color:#bababa"],"graph":{"isClosed":true,"isEmpty":false,"isLazy":true,"provenance":"algorithm/cgal/fromSurfaceMeshToLazyGraph","serializedSurfaceMesh":"20\n1/2 -4518986926097344533/11331056662464167936 4362617378165854385/144115188075855872\n1/2 -1/2 0\n1/2 1/2 0\n1/2 -1/2 40\n1/2 1/2 40\n1/2 1/2 33210537323637026669037283340498168173/1088470606255038742414683523650682880\n1/2 1/2 32097699051665297875843728078542804627/1088470606255038742414683523650682880\n-1/2 -2460091296451131455/33993169987392503808 4284293906385497935/144115188075855872\n1/2 -4518986926097344533/11331056662464167936 4284293906385497935/144115188075855872\n1/2 6363085873515915229/135972679949570015232 2205609048276319835/72057594037927936\n-1/2 1/2 32021035975194355537311219523633616531/1088470606255038742414683523650682880\n-1/2 1/2 0\n1/2 6363085873515915229/135972679949570015232 2117846593999356325/72057594037927936\n-1/2 50750563800879523805/135972679949570015232 2117846593999356325/72057594037927936\n-1/2 50750563800879523805/135972679949570015232 2205609048276319835/72057594037927936\n-1/2 1/2 33287200400107969007569791895407356269/1088470606255038742414683523650682880\n-1/2 -1/2 0\n-1/2 1/2 40\n-1/2 -2460091296451131455/33993169987392503808 4362617378165854385/144115188075855872\n-1/2 -1/2 40\n\n36\n3 1 16 11\n3 1 11 2\n3 3 17 19\n3 4 17 3\n3 3 19 1\n3 8 1 2\n3 4 9 5\n3 0 9 3\n3 8 0 3\n3 8 3 1\n3 2 6 12\n3 5 15 4\n3 9 4 3\n3 10 13 12\n3 2 11 6\n3 12 8 2\n3 19 16 1\n3 18 0 8\n3 18 14 9\n3 14 15 9\n3 10 6 11\n3 19 18 7\n3 7 8 13\n3 17 15 19\n3 12 13 8\n3 15 14 19\n3 9 0 18\n3 18 19 14\n3 15 17 4\n3 15 5 9\n3 8 7 18\n3 10 12 6\n3 7 13 16\n3 16 19 7\n3 10 16 13\n3 16 10 11\n","hash":"L3+5KlEmVB/ap4bzDMqcxMerCXAWDVLPktleMD/ra6o="},"cache":{"boundingBox":[[391.03229449296026,44.65441087342802,11.997481108311996],[420.22785408329065,73.81064148627483,13.258438287154004]]},"hash":"myKhnQkO0JqfMTKbKyvj8MKx4FXmUo12KCEwDKDi/rQ="}],"hash":"cSRVyjjtQjfsdAExBUxtndjhzJP2U3ytSJr7gKfyN/s="}],"hash":"v7uqnfXCnVGt05yOhLeDw4HglGXRjWOehWDx1yyyGnc="},{"type":"item","tags":["part:{\"BOMitemName\":\"Support Rail\",\"numberNeeded\":2,\"costUSD\":3.6,\"source\":\"www.example.com\",\"totalNeeded\":1,\"radius\":0.015384615384615385}"],"matrix":[0.7076142131979695,0.7065989847715736,0,0,-0.671713997110307,0.6726791034279942,0.3103274559193954,0,0.2192770652993901,-0.21959211855413058,0.9506297229219143,0,359.3451566955209,77.2793473896866,27.998992443324934,1,"697/985","-1313352/1955225","428736/1955225","702600634/1955225","696/985","1315239/1955225","-429352/1955225","151098512/1955225","0","616/1985","1887/1985","55578/1985","1"],"content":[{"type":"plan","tags":["color:#bababa"],"matrix":[-0.2192770652993901,0.21959211855413058,-0.9506297229219143,0,-0.671713997110307,0.6726791034279942,0.3103274559193954,0,0.7076142131979695,0.7065989847715736,0,0,359.23551816287124,77.38914344896367,27.52367758186398,1,"-428736/1955225","-1313352/1955225","697/985","702386266/1955225","429352/1955225","1315239/1955225","696/985","151313188/1955225","-1887/1985","616/1985","0","109269/3970","1"],"plan":{"type":"Box","history":[{"corner1":[0.5,0.5,0]},{"corner2":[-0.5,-0.5,0]}]},"content":[{"type":"graph","matrix":[-0.2192770652993901,0.21959211855413058,-0.9506297229219143,0,-0.671713997110307,0.6726791034279942,0.3103274559193954,0,0.7076142131979695,0.7065989847715736,0,0,359.23551816287124,77.38914344896367,27.52367758186398,1,"-428736/1955225","-1313352/1955225","697/985","702386266/1955225","429352/1955225","1315239/1955225","696/985","151313188/1955225","-1887/1985","616/1985","0","109269/3970","1"],"tags":["color:#bababa","color:#bababa"],"graph":{"isClosed":true,"isEmpty":false,"isLazy":true,"provenance":"algorithm/cgal/fromSurfaceMeshToLazyGraph","serializedSurfaceMesh":"24\n1/2 -1/2 0\n1/2 1/2 0\n-1/2 -1/2 40\n1/2 -1/2 40\n1/2 1/2 40\n1/2 2407/7548 30\n-1/2 1/2 310483320973909508591/10465926158435632060\n1/2 2990719684254059827/33993169987392503808 549988374005953011/18014398509481984\n1/2 -1/2 777451241009981209261/25292654882886106180\n-1/2 -1/2 154840675354278725545/5058530976577221236\n-135/2464 1/2 30\n-1/2 1/2 317472248532228415009/10465926158435632060\n-1/2 -271/1887 123/4\n-1/2 -271/1887 117/4\n1/2 -1/2 740108051963185161539/25292654882886106180\n-1/2 14087589166094961971/33993169987392503808 530875536562966029/18014398509481984\n1/2 2990719684254059827/33993169987392503808 530875536562966029/18014398509481984\n1/2 -887/1887 117/4\n1/2 -887/1887 123/4\n-1/2 1/2 40\n-1/2 -1/2 148671183240354548615/5058530976577221236\n-1/2 1/2 0\n-1/2 14087589166094961971/33993169987392503808 549988374005953011/18014398509481984\n-1/2 -1/2 0\n\n44\n3 0 23 21\n3 0 21 1\n3 3 19 2\n3 4 19 3\n3 7 4 3\n3 21 4 1\n3 3 8 18\n3 14 0 17\n3 8 9 18\n3 18 9 12\n3 5 16 1\n3 7 5 4\n3 3 2 8\n3 11 19 4\n3 23 0 14\n3 4 5 1\n3 3 18 7\n3 1 17 0\n3 14 17 13\n3 4 21 10\n3 4 10 11\n3 15 16 6\n3 7 22 5\n3 16 17 1\n3 22 7 18\n3 16 13 17\n3 10 22 11\n3 23 13 15\n3 23 20 13\n3 6 10 21\n3 14 13 20\n3 6 16 10\n3 22 18 12\n3 9 2 1