{"type":"group","tags":[],"content":[{"type":"group","tags":[],"content":[{"type":"plan","tags":["color:#fffcf7"],"matrix":[1,0,0,0,0,1,0,0,0,0,1,0,300,180,0,1,"1","0","0","300","0","1","0","180","0","0","1","0","1"],"plan":{"type":"Box","history":[{"corner1":[300,180,0]},{"corner2":[-300,-180,0]}]},"content":[{"type":"graph","matrix":[1,0,0,0,0,1,0,0,0,0,1,0,300,180,0,1,"1","0","0","300","0","1","0","180","0","0","1","0","1"],"tags":["color:#fffcf7"],"graph":{"isClosed":true,"isEmpty":false,"isLazy":true,"provenance":"algorithm/cgal/fromSurfaceMeshToLazyGraph","serializedSurfaceMesh":"20\n300 -180 0\n300 144 0\n-36 144 0\n-36 180 0\n-300 -180 0\n-300 180 0\n-36 180 10\n300 -180 10\n-300 180 10\n-180 48 10\n-180 24 10\n-228 24 10\n-228 48 0\n-180 24 0\n-180 48 0\n-300 -180 10\n-228 48 10\n-228 24 0\n-36 144 10\n300 144 10\n\n40\n3 1 0 2\n3 2 5 3\n3 0 4 2\n3 4 13 2\n3 6 8 18\n3 8 15 11\n3 1 19 7\n3 7 0 1\n3 2 18 19\n3 19 1 2\n3 3 6 18\n3 18 2 3\n3 5 8 6\n3 6 3 5\n3 0 7 15\n3 15 4 0\n3 4 15 8\n3 8 5 4\n3 9 18 8\n3 9 10 18\n3 13 10 14\n3 11 15 10\n3 11 16 8\n3 14 16 12\n3 13 14 2\n3 4 5 17\n3 17 5 12\n3 14 5 2\n3 4 17 13\n3 14 12 5\n3 17 11 13\n3 11 17 16\n3 12 16 17\n3 10 13 11\n3 9 14 10\n3 9 8 16\n3 18 15 7\n3 9 16 14\n3 19 18 7\n3 10 15 18\n","hash":"qZa506pYwD1ku+ne8RZDBo9diYsf4EBgkW5sbL+YBDo="},"cache":{"boundingBox":[[-4.547473508864642e-13,-2.842170943040401e-13,-7.895e-321],[600.000000000001,360.0000000000006,10.000000000000014]]},"hash":"qXpVfXqgOEm5f0Yy9IvlKiQPFid8ZsS0hAg/KID4TKY="}],"hash":"GeJaT0wWzNjzLO8AzkGCLgWp3D5jQejKpWMieWG+Cz0="},{"type":"plan","tags":["color:#fffcf7"],"matrix":[1,0,0,0,0,1,0,0,0,0,1,0,96,216,0,1,"1","0","0","96","0","1","0","216","0","0","1","0","1"],"plan":{"type":"Box","history":[{"corner1":[24,12,0]},{"corner2":[-24,-12,0]}]},"content":[{"type":"graph","matrix":[1,0,0,0,0,1,0,0,0,0,1,0,96,216,0,1,"1","0","0","96","0","1","0","216","0","0","1","0","1"],"tags":["color:#fffcf7"],"graph":{"isClosed":true,"isEmpty":false,"isLazy":true,"provenance":"algorithm/cgal/fromSurfaceMeshToLazyGraph","serializedSurfaceMesh":"8\n-24 12 0\n-24 -12 0\n24 -12 0\n24 12 0\n-24 12 60\n-24 -12 60\n24 -12 60\n24 12 60\n\n12\n3 0 2 1\n3 2 0 3\n3 5 6 4\n3 7 4 6\n3 1 5 4\n3 4 0 1\n3 2 6 5\n3 5 1 2\n3 3 7 6\n3 6 2 3\n3 0 4 7\n3 7 3 0\n","hash":"n3UVjgjpp1+sD13gz800Ub5v6ow/znQD+KHYKLr5iSw="},"cache":{"boundingBox":[[71.99999999999984,203.99999999999966,-4.397e-321],[120.00000000000018,228.00000000000037,60.00000000000007]]},"hash":"75N6/t9rVG81YWeGlqHQtQ6ZYUTap6B22AU+xcuZlRw="}],"hash":"1Gwl4IjFoaRvNhmLGfuP8Pnh55lUBFT/iGzbCRHTAHI="},{"type":"group","tags":[],"matrix":[1,0,0,0,0,1,0,0,0,0,1,0,390,276,10,1,"1","0","0","390","0","1","0","276","0","0","1","10","1"],"content":[{"type":"plan","tags":["color:#fffcf7"],"matrix":[1,0,0,0,0,1,0,0,0,0,1,0,342,222,10,1,"1","0","0","342","0","1","0","222","0","0","1","10","1"],"plan":{"type":"Box","history":[{"corner1":[10,5,0]},{"corner2":[-10,-5,0]}]},"content":[{"type":"graph","matrix":[1,0,0,0,0,1,0,0,0,0,1,0,390,276,10,1,"1","0","0","390","0","1","0","276","0","0","1","10","1"],"tags":["color:#fffcf7"],"graph":{"isClosed":true,"isEmpty":false,"isLazy":true,"provenance":"algorithm/cgal/fromSurfaceMeshToLazyGraph","serializedSurfaceMesh":"8\n-58 -49 0\n-58 -59 0\n-38 -59 0\n-38 -49 0\n-58 -49 14\n-58 -59 14\n-38 -59 14\n-38 -49 14\n\n12\n3 0 2 1\n3 3 2 0\n3 5 6 4\n3 4 6 7\n3 1 5 4\n3 4 0 1\n3 2 6 5\n3 5 1 2\n3 3 7 6\n3 6 2 3\n3 0 4 7\n3 7 3 0\n","hash":"h2vFCvuKr8f6uWw4tJfvqyJm6CNCGUdYfVDeBntP2R4="},"cache":{"boundingBox":[[331.9999999999994,216.99999999999952,9.999999999999984],[352.0000000000006,227.00000000000048,24.000000000000032]]},"hash":"vUDOlwJlGo76sg8NAdZFsTK9YwB7oyMjJAKb731voqg="}],"hash":"WCAzIaLF+pKAmBtdp3dGBix+DiCPxWB2c7rV8nbpk2c="},{"type":"plan","tags":["color:#fffcf7"],"matrix":[1,0,0,0,0,1,0,0,0,0,1,0,390,222,10,1,"1","0","0","390","0","1","0","222","0","0","1","10","1"],"plan":{"type":"Arc","history":[{"corner1":[5,5,0]},{"corner2":[-5,-5,0]},{"sides":21}]},"content":[{"type":"graph","matrix":[1,0,0,0,0,1,0,0,0,0,1,0,390,276,10,1,"1","0","0","390","0","1","0","276","0","0","1","10","1"],"tags":["color:#fffcf7"],"graph":{"isClosed":true,"isEmpty":false,"isLazy":true,"provenance":"algorithm/cgal/fromSurfaceMeshToLazyGraph","serializedSurfaceMesh":"72\n1402043918085275/281474976710656 -483052760032035423/9007199254740992 0\n41930065496208065/9007199254740992 -469912175753438583/9007199254740992 0\n45/16 -224592555330172129/4503599627370496 0\n13245881256972045/9007199254740992 -443310850276817523/9007199254740992 0\n2202847643822525/562949953421312 -458347479057291613/9007199254740992 0\n0 -49 0\n-13245881256972045/9007199254740992 -443310850276817523/9007199254740992 0\n-2202847643822525/562949953421312 -458347479057291613/9007199254740992 0\n-41930065496208065/9007199254740992 -469912175753438583/9007199254740992 0\n-45/16 -224592555330172129/4503599627370496 0\n-15312238733059685/4503599627370496 -519415157023397203/9007199254740992 0\n-43881227138481755/9007199254740992 -496396758927948003/9007199254740992 0\n-39031196770544295/9007199254740992 -113/2 0\n-1402043918085275/281474976710656 -483052760032035423/9007199254740992 0\n-39161735890178225/18014398509481984 -131730289100587007/2251799813685248 0\n-27021597764222975/36028797018963968 -530882153664975093/9007199254740992 0\n27021597764222975/36028797018963968 -530882153664975093/9007199254740992 0\n39161735890178225/18014398509481984 -131730289100587007/2251799813685248 0\n15312238733059685/4503599627370496 -519415157023397203/9007199254740992 0\n39031196770544295/9007199254740992 -113/2 0\n43881227138481755/9007199254740992 -496396758927948003/9007199254740992 0\n1402043918085275/281474976710656 -483052760032035423/9007199254740992 14\n41930065496208065/9007199254740992 -469912175753438583/9007199254740992 14\n45/16 -224592555330172129/4503599627370496 14\n13245881256972045/9007199254740992 -443310850276817523/9007199254740992 14\n2202847643822525/562949953421312 -458347479057291613/9007199254740992 14\n0 -49 14\n-13245881256972045/9007199254740992 -443310850276817523/9007199254740992 14\n-2202847643822525/562949953421312 -458347479057291613/9007199254740992 14\n-41930065496208065/9007199254740992 -469912175753438583/9007199254740992 14\n-45/16 -224592555330172129/4503599627370496 14\n-15312238733059685/4503599627370496 -519415157023397203/9007199254740992 14\n-43881227138481755/9007199254740992 -496396758927948003/9007199254740992 14\n-39031196770544295/9007199254740992 -113/2 14\n-1402043918085275/281474976710656 -483052760032035423/9007199254740992 14\n-39161735890178225/18014398509481984 -131730289100587007/2251799813685248 14\n-27021597764222975/36028797018963968 -530882153664975093/9007199254740992 14\n27021597764222975/36028797018963968 -530882153664975093/9007199254740992 14\n39161735890178225/18014398509481984 -131730289100587007/2251799813685248 14\n15312238733059685/4503599627370496 -519415157023397203/9007199254740992 14\n39031196770544295/9007199254740992 -113/2 14\n43881227138481755/9007199254740992 -496396758927948003/9007199254740992 14\n8967013288835224545/14195346025471803392 -823699749569854051607/14195346025471803392 0\n609295651145306493/1774418253183975424 -817193595410529418225/14195346025471803392 0\n103/197 -89919/1576 0\n21201099415043937839/14195346025471803392 -811483215934500731015/14195346025471803392 0\n44125250943842973909/28390692050943606784 -6399382241735565237/110901140823998464 0\n33206958977661284779/28390692050943606784 -103071530072258144907/1774418253183975424 0\n1837603497340746433/1774418253183975424 -807381230865886362865/14195346025471803392 0\n44125250943842973909/28390692050943606784 -6399382241735565237/110901140823998464 4\n21201099415043937839/14195346025471803392 -811483215934500731015/14195346025471803392 4\n1837603497340746433/1774418253183975424 -807381230865886362865/14195346025471803392 4\n8967013288835224545/14195346025471803392 -823699749569854051607/14195346025471803392 4\n33206958977661284779/28390692050943606784 -103071530072258144907/1774418253183975424 4\n609295651145306493/1774418253183975424 -817193595410529418225/14195346025471803392 4\n103/197 -89919/1576 4\n5891/3940 -56113/985 4\n17104122165286391309/17744182531839754240 -1033557550863552596803/17744182531839754240 14\n17123235002729378291/17744182531839754240 -1006933368305471730877/17744182531839754240 4\n428/985 -224449/3940 4\n1472/985 -228631/3940 14\n30425769863048317763/17744182531839754240 -1020255016003233657331/17744182531839754240 14\n5891/3940 -56113/985 14\n3801587304967451837/17744182531839754240 -1020235903165790670349/17744182531839754240 14\n17123235002729378291/17744182531839754240 -1006933368305471730877/17744182531839754240 14\n428/985 -224449/3940 14\n1709/3940 -57157/985 14\n30425769863048317763/17744182531839754240 -1020255016003233657331/17744182531839754240 4\n17104122165286391309/17744182531839754240 -1033557550863552596803/17744182531839754240 4\n1472/985 -228631/3940 4\n1709/3940 -57157/985 4\n3801587304967451837/17744182531839754240 -1020235903165790670349/17744182531839754240 4\n\n144\n3 0 4 1\n3 3 2 5\n3 2 4 0\n3 5 2 9\n3 6 5 9\n3 9 2 13\n3 7 13 8\n3 7 9 13\n3 13 2 0\n3 11 14 10\n3 12 11 10\n3 11 13 14\n3 14 13 15\n3 15 13 16\n3 46 0 16\n3 17 16 0\n3 18 17 20\n3 19 18 20\n3 20 17 0\n3 22 25 21\n3 26 23 24\n3 21 25 23\n3 30 23 26\n3 30 26 27\n3 34 23 30\n3 29 34 28\n3 34 30 28\n3 21 23 34\n3 31 35 32\n3 31 32 33\n3 35 34 32\n3 36 34 35\n3 37 34 36\n3 21 61 38\n3 41 38 39\n3 41 39 40\n3 21 38 41\n3 1 22 21\n3 21 0 1\n3 4 25 22\n3 22 1 4\n3 3 24 23\n3 23 2 3\n3 5 26 24\n3 24 3 5\n3 2 23 25\n3 25 4 2\n3 6 27 26\n3 26 5 6\n3 9 30 27\n3 27 6 9\n3 8 29 28\n3 28 7 8\n3 13 34 29\n3 29 8 13\n3 7 28 30\n3 30 9 7\n3 14 35 31\n3 31 10 14\n3 12 33 32\n3 32 11 12\n3 10 31 33\n3 33 12 10\n3 11 32 34\n3 34 13 11\n3 15 36 35\n3 35 14 15\n3 16 37 36\n3 36 15 16\n3 17 38 37\n3 37 16 17\n3 18 39 38\n3 38 17 18\n3 19 40 39\n3 39 18 19\n3 20 41 40\n3 40 19 20\n3 0 21 41\n3 41 20 0\n3 52 53 47\n3 13 43 16\n3 16 43 42\n3 48 0 45\n3 13 44 43\n3 13 0 48\n3 49 45 46\n3 47 46 16\n3 45 0 46\n3 42 47 16\n3 43 54 42\n3 44 13 48\n3 43 44 55\n3 55 54 43\n3 52 47 42\n3 47 53 46\n3 48 45 50\n3 48 51 44\n3 50 51 48\n3 49 50 45\n3 63 66 70\n3 54 52 42\n3 66 57 68\n3 62 64 56\n3 58 65 59\n3 67 62 56\n3 64 65 58\n3 56 64 58\n3 61 62 67\n3 55 44 51\n3 60 61 69\n3 53 49 46\n3 60 38 61\n3 38 57 37\n3 67 49 69\n3 57 38 60\n3 59 63 71\n3 51 56 58\n3 53 70 68\n3 54 59 71\n3 62 61 21\n3 67 56 50\n3 66 34 37\n3 34 64 21\n3 67 50 49\n3 66 63 34\n3 51 50 56\n3 51 59 55\n3 64 62 21\n3 69 61 67\n3 64 34 65\n3 59 51 58\n3 57 66 37\n3 65 63 59\n3 70 71 63\n3 63 65 34\n3 68 57 69\n3 69 53 68\n3 60 69 57\n3 49 53 69\n3 53 52 70\n3 59 54 55\n3 68 70 66\n3 71 70 52\n3 52 54 71\n","hash":"6IQo9WipxJH/ux24WE0i7eulytJcJ73OFDT+w+TJN5s="},"cache":{"boundingBox":[[385.01893939393875,217.06024096385494,9.999999999999984],[394.98106060606125,227.00000000000048,24.000000000000032]]},"hash":"0l5+hcJBSZlY5ODTDUwcORr7mwUOxtqVg8TihtWfyFA="}],"hash":"q27Egci4bq/gRJqHIRCs4LOhzOlRTpvn4s05BJfORys="},{"type":"plan","tags":["color:#fffcf7"],"matrix":[1,0,0,0,0,1,0,0,0,0,1,0,390,258,10,1,"1","0","0","390","0","1","0","258","0","0","1","10","1"],"plan":{"type":"Arc","history":[{"corner1":[4,4,0]},{"corner2":[-4,-4,0]},{"sides":19}]},"content":[{"type":"graph","matrix":[1,0,0,0,0,1,0,0,0,0,1,0,390,276,10,1,"1","0","0","390","0","1","0","276","0","0","1","10","1"],"tags":["color:#fffcf7"],"graph":{"isClosed":true,"isEmpty":false,"isLazy":true,"provenance":"algorithm/cgal/fromSurfaceMeshToLazyGraph","serializedSurfaceMesh":"38\n-8256599316845909/2251799813685248 -88317343341940895/4503599627370496 0\n-4483759981434943/1125899906842624 -330263972673836373/18014398509481984 0\n-6622940628486023/2251799813685248 -46634047754384813/2251799813685248 0\n-4289142502257615/2251799813685248 -6057341498813317/281474976710656 0\n-2947810665187961/4503599627370496 -6176132097680191/281474976710656 0\n2947810665187961/4503599627370496 -6176132097680191/281474976710656 0\n4289142502257615/2251799813685248 -6057341498813317/281474976710656 0\n6622940628486023/2251799813685248 -46634047754384813/2251799813685248 0\n8256599316845909/2251799813685248 -88317343341940895/4503599627370496 0\n4483759981434943/1125899906842624 -330263972673836373/18014398509481984 0\n-31/8 -76653103861775381/4503599627370496 0\n31/8 -76653103861775381/4503599627370496 0\n7546572348566777/2251799813685248 -35599882768738207/2251799813685248 0\n2763572498613713/1125899906842624 -33421449866275787/2251799813685248 0\n5842507624696859/4503599627370496 -32012073026984877/2251799813685248 0\n0 -14 0\n-5842507624696859/4503599627370496 -32012073026984877/2251799813685248 0\n-2763572498613713/1125899906842624 -33421449866275787/2251799813685248 0\n-7546572348566777/2251799813685248 -35599882768738207/2251799813685248 0\n-8256599316845909/2251799813685248 -88317343341940895/4503599627370496 14\n-4483759981434943/1125899906842624 -330263972673836373/18014398509481984 14\n-6622940628486023/2251799813685248 -46634047754384813/2251799813685248 14\n-4289142502257615/2251799813685248 -6057341498813317/281474976710656 14\n-2947810665187961/4503599627370496 -6176132097680191/281474976710656 14\n2947810665187961/4503599627370496 -6176132097680191/281474976710656 14\n4289142502257615/2251799813685248 -6057341498813317/281474976710656 14\n6622940628486023/2251799813685248 -46634047754384813/2251799813685248 14\n8256599316845909/2251799813685248 -88317343341940895/4503599627370496 14\n4483759981434943/1125899906842624 -330263972673836373/18014398509481984 14\n-31/8 -76653103861775381/4503599627370496 14\n31/8 -76653103861775381/4503599627370496 14\n7546572348566777/2251799813685248 -35599882768738207/2251799813685248 14\n2763572498613713/1125899906842624 -33421449866275787/2251799813685248 14\n5842507624696859/4503599627370496 -32012073026984877/2251799813685248 14\n0 -14 14\n-5842507624696859/4503599627370496 -32012073026984877/2251799813685248 14\n-2763572498613713/1125899906842624 -33421449866275787/2251799813685248 14\n-7546572348566777/2251799813685248 -35599882768738207/2251799813685248 14\n\n72\n3 2 0 1\n3 3 2 4\n3 2 1 4\n3 4 1 5\n3 5 1 9\n3 6 5 7\n3 7 5 9\n3 8 7 9\n3 9 1 11\n3 11 1 10\n3 12 11 13\n3 13 11 14\n3 14 11 15\n3 15 11 10\n3 16 15 10\n3 17 16 10\n3 18 17 10\n3 20 19 21\n3 23 21 22\n3 23 20 21\n3 24 20 23\n3 28 20 24\n3 26 24 25\n3 28 24 26\n3 28 26 27\n3 30 20 28\n3 29 20 30\n3 32 30 31\n3 33 30 32\n3 34 30 33\n3 29 30 34\n3 29 34 35\n3 29 35 36\n3 29 36 37\n3 2 21 19\n3 19 0 2\n3 0 19 20\n3 20 1 0\n3 3 22 21\n3 21 2 3\n3 4 23 22\n3 22 3 4\n3 5 24 23\n3 23 4 5\n3 6 25 24\n3 24 5 6\n3 7 26 25\n3 25 6 7\n3 8 27 26\n3 26 7 8\n3 9 28 27\n3 27 8 9\n3 11 30 28\n3 28 9 11\n3 1 20 29\n3 29 10 1\n3 12 31 30\n3 30 11 12\n3 13 32 31\n3 31 12 13\n3 14 33 32\n3 32 13 14\n3 15 34 33\n3 33 14 15\n3 16 35 34\n3 34 15 16\n3 17 36 35\n3 35 16 17\n3 18 37 36\n3 36 17 18\n3 10 29 37\n3 37 18 10\n","hash":"37Uc/X2TwgCo4MMAm2fLbACMVafQtcsenhWraIaIgTU="},"cache":{"boundingBox":[[386.0176211453738,254.05797101449227,9.999999999999984],[393.9823788546262,262.00000000000057,24.000000000000032]]},"hash":"i/RG0faxuQtGhNCQwTsv63Nh4ZHAv2Wfj/4m0BJ/h4E="}],"hash":"oVf7OZnIzPYv1bFHpIgQ6SVROP12HEXCeKlWX15i40g="},{"type":"plan","tags":["color:#fffcf7"],"matrix":[1,0,0,0,0,1,0,0,0,0,1,0,390,276,10,1,"1","0","0","390","0","1","0","276","0","0","1","10","1"],"plan":{"type":"Arc","history":[{"corner1":[2,2,0]},{"corner2":[-2,-2,0]},{"sides":13}]},"content":[{"type":"graph","matrix":[1,0,0,0,0,1,0,0,0,0,1,0,390,276,10,1,"1","0","0","390","0","1","0","276","0","0","1","10","1"],"tags":["color:#fffcf7"],"graph":{"isClosed":true,"isEmpty":false,"isLazy":true,"provenance":"algorithm/cgal/fromSurfaceMeshToLazyGraph","serializedSurfaceMesh":"26\n8932759591478669/4503599627370496 1080863910568919/4503599627370496 0\n3708846751952173/2251799813685248 639024271451219/562949953421312 0\n8363827879402349/9007199254740992 1991976758260027/1125899906842624 0\n0 2 0\n-8363827879402349/9007199254740992 1991976758260027/1125899906842624 0\n-3708846751952173/2251799813685248 639024271451219/562949953421312 0\n-8932759591478669/4503599627370496 1080863910568919/4503599627370496 0\n-8426089625402863/4503599627370496 -6392205922719413/9007199254740992 0\n-2982113266772355/2251799813685248 -3366768653471147/2251799813685248 0\n-1080863910568919/2251799813685248 -8742281629601551/4503599627370496 0\n1080863910568919/2251799813685248 -8742281629601551/4503599627370496 0\n2982113266772355/2251799813685248 -3366768653471147/2251799813685248 0\n8426089625402863/4503599627370496 -6392205922719413/9007199254740992 0\n8932759591478669/4503599627370496 1080863910568919/4503599627370496 14\n3708846751952173/2251799813685248 639024271451219/562949953421312 14\n8363827879402349/9007199254740992 1991976758260027/1125899906842624 14\n0 2 14\n-8363827879402349/9007199254740992 1991976758260027/1125899906842624 14\n-3708846751952173/2251799813685248 639024271451219/562949953421312 14\n-8932759591478669/4503599627370496 1080863910568919/4503599627370496 14\n-8426089625402863/4503599627370496 -6392205922719413/9007199254740992 14\n-2982113266772355/2251799813685248 -3366768653471147/2251799813685248 14\n-1080863910568919/2251799813685248 -8742281629601551/4503599627370496 14\n1080863910568919/2251799813685248 -8742281629601551/4503599627370496 14\n2982113266772355/2251799813685248 -3366768653471147/2251799813685248 14\n8426089625402863/4503599627370496 -6392205922719413/9007199254740992 14\n\n48\n3 0 2 1\n3 4 8 6\n3 3 2 4\n3 5 4 6\n3 4 2 8\n3 7 6 8\n3 8 2 11\n3 9 8 10\n3 10 8 11\n3 11 2 0\n3 12 11 0\n3 14 15 13\n3 19 21 17\n3 17 15 16\n3 19 17 18\n3 21 15 17\n3 21 19 20\n3 24 15 21\n3 23 21 22\n3 24 21 23\n3 13 15 24\n3 13 24 25\n3 1 14 13\n3 13 0 1\n3 2 15 14\n3 14 1 2\n3 3 16 15\n3 15 2 3\n3 4 17 16\n3 16 3 4\n3 5 18 17\n3 17 4 5\n3 6 19 18\n3 18 5 6\n3 7 20 19\n3 19 6 7\n3 8 21 20\n3 20 7 8\n3 9 22 21\n3 21 8 9\n3 10 23 22\n3 22 9 10\n3 11 24 23\n3 23 10 11\n3 12 25 24\n3 24 11 12\n3 0 13 25\n3 25 12 0\n","hash":"ziq5ihbLAmyVFWaSLzaPUKgohIe39OmWDsF7yETD0Vw="},"cache":{"boundingBox":[[388.0165289256192,274.05882352941114,9.999999999999984],[391.9834710743808,278.00000000000057,24.000000000000032]]},"hash":"JOeF35OgiNnh6wOe2cSITcRs+z5fpK65WYf9FwRqa64="}],"hash":"eWZ34pdCGFCiHVcrShMwGJKwi755Sl5al4vfITjLnA0="}],"hash":"ygYdnriSAhEKg8LffZK0LPkcXKUoRJDR7sdfWSAzU8I="}],"hash":"pWu5e6qejl2qiiTZFZqSwIHJlRk9UmAz5ex4eZW+19A="},{"type":"group","tags":[],"matrix":[1,0,0,0,0,1,0,0,0,0,1,0,480,10,10,1,"1","0","0","480","0","1","0","10","0","0","1","10","1"],"content":[{"type":"group","tags":[],"matrix":[0.7076142131979695,0.7065989847715736,0,0,-0.7065989847715736,0.7076142131979695,0,0,0,0,1,0,370,10,10,1,"697/985","-696/985","0","370","696/985","697/985","0","10","0","0","1","10","1"],"content":[{"type":"group","tags":[],"matrix":[0.7076142131979695,0.7065989847715736,0,0,-0.7065989847715736,0.7076142131979695,0,0,0,0,1,0,370,10,10,1,"697/985","-696/985","0","370","696/985","697/985","0","10","0","0","1","10","1"],"content":[{"type":"group","tags":[],"matrix":[0.7076142131979695,0.7065989847715736,0,0,-0.6771698727836372,0.6781428180031539,0.2855928601784955,0,0.2017996250601349,-0.20208956705016384,0.9583510412239693,0,370,10,10,1,"697/985","-313896/463541","467712/2317705","370","696/985","314347/463541","-468384/2317705","10","0","672/2353","2255/2353","10","1"],"content":[{"type":"group","tags":[],"matrix":[0.7076142131979695,0.7065989847715736,0,0,-0.6771698727836372,0.6781428180031539,0.2855928601784955,0,0.2017996250601349,-0.20208956705016384,0.9583510412239693,0,370,10,10,1,"697/985","-313896/463541","467712/2317705","370","696/985","314347/463541","-468384/2317705","10","0","672/2353","2255/2353","10","1"],"content":[{"type":"item","tags":["part:{\"BOMitemName\":\"Support Rail\",\"numberNeeded\":2,\"costUSD\":3.6,\"source\":\"www.example.com\",\"totalNeeded\":1,\"radius\":0.015384615384615385}"],"matrix":[0.7076142131979695,0.7065989847715736,0,0,-0.6771698727836372,0.6781428180031539,0.2855928601784955,0,0.2017996250601349,-0.20208956705016384,0.9583510412239693,0,363.2283012721636,16.781428180031536,12.855928601784955,1,"697/985","-313896/463541","467712/2317705","168371210/463541","696/985","314347/463541","-468384/2317705","7778880/463541","0","672/2353","2255/2353","30250/2353","1"],"content":[{"type":"plan","tags":["color:#bababa"],"matrix":[-0.2017996250601349,0.20208956705016384,-0.9583510412239693,0,-0.6771698727836372,0.6781428180031539,0.2855928601784955,0,0.7076142131979695,0.7065989847715736,0,0,363.1274014596335,16.88247296355662,12.37675308117297,1,"-467712/2317705","-313896/463541","697/985","841622194/2317705","468384/2317705","314347/463541","696/985","39128592/2317705","-2255/2353","672/2353","0","58245/4706","1"],"plan":{"type":"Box","history":[{"corner1":[0.5,0.5,0]},{"corner2":[-0.5,-0.5,0]}]},"content":[{"type":"graph","matrix":[-0.2017996250601349,0.20208956705016384,-0.9583510412239693,0,-0.6771698727836372,0.6781428180031539,0.2855928601784955,0,0.7076142131979695,0.7065989847715736,0,0,363.1274014596335,16.88247296355662,12.37675308117297,1,"-467712/2317705","-313896/463541","697/985","841622194/2317705","468384/2317705","314347/463541","696/985","39128592/2317705","-2255/2353","672/2353","0","58245/4706","1"],"tags":["color:#bababa","color:#bababa"],"graph":{"isClosed":true,"isEmpty":false,"isLazy":true,"provenance":"algorithm/cgal/fromSurfaceMeshToLazyGraph","serializedSurfaceMesh":"14\n1/2 -1/2 0\n1/2 -1/2 40\n1/2 1/2 40\n-1/2 -1237814357582780355/8124493727776374784 39161735890178225/144115188075855872\n1/2 1/2 643075644624921920235866165471814173/1290262638044385975265365406120935424\n1/2 -18294747586285795023/40622468638881873920 39161735890178225/144115188075855872\n1/2 -1355083087879921267/162489874555527495680 43881227138481755/72057594037927936\n-1/2 -1/2 0\n-1/2 1/2 40\n-1/2 -1/2 40\n-1/2 9413524021121530345/32497974911105499136 43881227138481755/72057594037927936\n1/2 -18294747586285795023/40622468638881873920 0\n-1/2 1/2 726708091684131744089511861736383005/1290262638044385975265365406120935424\n-1/2 -1237814357582780355/8124493727776374784 0\n\n24\n3 1 8 9\n3 2 8 1\n3 1 9 0\n3 4 2 1\n3 12 4 6\n3 4 12 2\n3 5 1 0\n3 7 11 0\n3 5 6 1\n3 5 13 3\n3 10 3 9\n3 13 11 7\n3 1 6 4\n3 8 12 9\n3 13 7 3\n3 0 11 5\n3 10 9 12\n3 8 2 12\n3 10 12 6\n3 3 6 5\n3 10 6 3\n3 5 11 13\n3 0 9 7\n3 7 9 3\n","hash":"mjFogqAbbDgGLuJkE1EiYVv5ZOKlGeYn87P+JJWd4tA="},"cache":{"boundingBox":[[363.0405964310101,16.44235677102923,11.75478113047142],[391.8714547364752,45.58654854694699,12.998725031874521]]},"hash":"jFIKS4X9SgcQ6o0tQg+dh6qtrZKPMWmh9zrTJlIqO3A="}],"hash":"AiOuUVR2il4gebaleQj7CtAhoutUqRh0PUKHpm7BzQA="}],"hash":"Xf1bSyqO3Uah6nE0xMEXmVlqPn1NOMrHbXSgVR861v8="},{"type":"item","tags":["part:{\"BOMitemName\":\"Support Rail\",\"numberNeeded\":2,\"costUSD\":3.6,\"source\":\"www.example.com\",\"totalNeeded\":1,\"radius\":0.015384615384615385}"],"matrix":[0.7076142131979695,0.7065989847715736,0,0,-0.6771698727836372,0.6781428180031539,0.2855928601784955,0,0.2017996250601349,-0.20208956705016384,0.9583510412239693,0,330.724147378549,49.33228344418293,26.56438589035274,1,"697/985","-313896/463541","467712/2317705","153304202/463541","696/985","314347/463541","-468384/2317705","22867536/463541","0","672/2353","2255/2353","62506/2353","1"],"content":[{"type":"plan","tags":["color:#bababa"],"matrix":[-0.2017996250601349,0.20208956705016384,-0.9583510412239693,0,-0.6771698727836372,0.6781428180031539,0.2855928601784955,0,0.7076142131979695,0.7065989847715736,0,0,330.62324756601896,49.43332822770801,26.085210369740754,1,"-467712/2317705","-313896/463541","697/985","766287154/2317705","468384/2317705","314347/463541","696/985","114571872/2317705","-2255/2353","672/2353","0","122757/4706","1"],"plan":{"type":"Box","history":[{"corner1":[0.5,0.5,0]},{"corner2":[-0.5,-0.5,0]}]},"content":[{"type":"graph","matrix":[-0.2017996250601349,0.20208956705016384,-0.9583510412239693,0,-0.6771698727836372,0.6781428180031539,0.2855928601784955,0,0.7076142131979695,0.7065989847715736,0,0,330.62324756601896,49.43332822770801,26.085210369740754,1,"-467712/2317705","-313896/463541","697/985","766287154/2317705","468384/2317705","314347/463541","696/985","114571872/2317705","-2255/2353","672/2353","0","122757/4706","1"],"tags":["color:#bababa","color:#bababa"],"graph":{"isClosed":true,"isEmpty":false,"isLazy":true,"provenance":"algorithm/cgal/fromSurfaceMeshToLazyGraph","serializedSurfaceMesh":"12\n1/2 1/2 0\n1/2 -1/2 40\n1/2 1/2 40\n1/2 -2877844099447087385/8124493727776374784 9556418721493491/18014398509481984\n-1/2 -2283544698863543677/40622468638881873920 9556418721493491/18014398509481984\n1/2 -1/2 17638183174756520001/29981671002232245764\n-1/2 1559/9020 0\n1/2 -1129/9020 0\n-1/2 1/2 0\n-1/2 1/2 40\n-1/2 -1/2 21181307798670245313/29981671002232245764\n-1/2 -1/2 40\n\n20\n3 6 0 7\n3 1 9 11\n3 2 9 1\n3 5 1 10\n3 0 2 1\n3 0 8 2\n3 1 5 3\n3 10 3 5\n3 0 3 7\n3 1 3 0\n3 8 0 6\n3 6 7 3\n3 10 4 3\n3 3 4 6\n3 6 4 8\n3 8 9 2\n3 8 4 9\n3 11 9 10\n3 1 11 10\n3 9 4 10\n","hash":"vw3/6OxpVDlTFoZr2x/t9XwWIthdorsF1IUNQBc2Akc="},"cache":{"boundingBox":[[330.18376281709624,49.44949238578603,25.463238419039193],[359.36730084286046,78.13740381109845,26.707182320442303]]},"hash":"+6Y+roOZwpzHN0PLjyTg3ywgbZC4bzPlS4lKYFjhQSw="}],"hash":"ABPUh+pU/T6XFIaROttBSCHvzJCR1zP3j6tVI5bJzdE="}],"hash":"4cxQmsV6rEXHu7hCVVCK1jPzTsIqhh4B4Zs/xDYnFIE="}],"hash":"6A7CvTTequ1DYiR8mEpwtP0uj8DIp485E8C2NG+dZi8="},{"type":"group","tags":[],"matrix":[0.7076142131979695,0.7065989847715736,0,0,-0.6771698727836372,0.6781428180031539,0.2855928601784955,0,0.2017996250601349,-0.20208956705016384,0.9583510412239693,0,361.79045629189216,45.81832178814819,19.281767955801104,1,"697/985","-313896/463541","467712/2317705","129003623/356570","696/985","314347/463541","-468384/2317705","16337439/356570","0","672/2353","2255/2353","3490/181","1"],"content":[{"type":"item","tags":["part:{\"BOMitemName\":\"400 Watt Solar Pannel\",\"numberNeeded\":1,\"costUSD\":312,\"source\":\"https://www.ecodirect.com/Canadian-Solar-CS1Y-400W-All-Black-Solar-Panel-p/canadian-solar-cs1y-400m5.htm\",\"totalNeeded\":1,\"radius\":0.015384615384615385}"],"matrix":[0.7076142131979695,0.7065989847715736,0,0,-0.6771698727836372,0.6781428180031539,0.2855928601784955,0,0.2017996250601349,-0.20208956705016384,0.9583510412239693,0,361.79045629189216,45.81832178814819,19.281767955801104,1,"697/985","-313896/463541","467712/2317705","129003623/356570","696/985","314347/463541","-468384/2317705","16337439/356570","0","672/2353","2255/2353","3490/181","1"],"content":[{"type":"plan","tags":["color:#bababa"],"matrix":[0.7076142131979695,0.7065989847715736,0,0,-0.6771698727836372,0.6781428180031539,0.2855928601784955,0,0.2017996250601349,-0.20208956705016384,0.9583510412239693,0,361.79045629189216,45.81832178814819,19.281767955801104,1,"697/985","-313896/463541","467712/2317705","129003623/356570","696/985","314347/463541","-468384/2317705","16337439/356570","0","672/2353","2255/2353","3490/181","1"],"plan":{"type":"Box","history":[{"corner1":[19.5,32.5,0]},{"corner2":[-19.5,-32.5,0]}]},"content":[{"type":"graph","matrix":[0.7076142131979695,0.7065989847715736,0,0,-0.6771698727836372,0.6781428180031539,0.2855928601784955,0,0.2017996250601349,-0.20208956705016384,0.9583510412239693,0,361.79045629189216,45.81832178814819,19.281767955801104,1,"697/985","-313896/463541","467712/2317705","129003623/356570","696/985","314347/463541","-468384/2317705","16337439/356570","0","672/2353","2255/2353","3490/181","1"],"tags":["color:#bababa"],"graph":{"isClosed":true,"isEmpty":false,"isLazy":true,"provenance":"algorithm/cgal/fromSurfaceMeshToLazyGraph","serializedSurfaceMesh":"36\n-39/2 65/2 0\n-39/2 -65/2 0\n39/2 -65/2 0\n39/2 65/2 0\n-39/2 65/2 3/2\n-39/2 -65/2 3/2\n39/2 -65/2 3/2\n39/2 65/2 3/2\n37/2 -31 3/2\n-37/2 31 3/2\n37/2 31 3/2\n-37/2 -31 3/2\n-37/2 31 0\n37/2 31 0\n-37/2 -31 0\n37/2 -31 0\n-39/2 -184038923232551212995/8124493727776374784 0\n-39/2 -945808839043425761073/42387879692811108352 1507579975262273515/1324621240400347136\n-85617345089902147/4503599627370496 -703884920371621303081/32497974911105499136 0\n-1361241856601112997/72057594037927936 -721790911478752200215/32497974911105499136 0\n-39/2 -77259/3608 0\n-85617345089902147/4503599627370496 -3628601713760600828467/169551518771244433408 4590272676802909345/5298484961601388544\n-1361241856601112997/72057594037927936 -3714402839868930987917/169551518771244433408 5389307554086693535/5298484961601388544\n-2771084431589011279/144115188075855872 -945808839043425761073/42387879692811108352 1507579975262273515/1324621240400347136\n-341724352213405197/18014398509481984 988616899089275872637/40622468638881873920 0\n-39/2 221483/9020 3/2\n-39/2 231569/9020 0\n-341724352213405197/18014398509481984 210349583858036416231/8124493727776374784 3/2\n-341724352213405197/18014398509481984 1006775412786833712509/40622468638881873920 3/2\n-2771084431589011279/144115188075855872 -184038923232551212995/8124493727776374784 0\n-39/2 235601/9020 3/2\n-75/4 2041/82 0\n-39/2 -398601/18824 1880/2353\n-341724352213405197/18014398509481984 1033589405592624241283/40622468638881873920 0\n-75/4 114271/4510 3/2\n-39/2 217451/9020 0\n\n72\n3 16 14 1\n3 3 2 15\n3 6 8 5\n3 4 10 7\n3 2 6 5\n3 5 1 2\n3 3 7 6\n3 6 2 3\n3 0 4 7\n3 7 3 0\n3 10 8 7\n3 6 7 8\n3 10 4 9\n3 27 9 4\n3 14 9 11\n3 13 15 8\n3 5 8 11\n3 10 12 13\n3 12 10 9\n3 15 13 3\n3 13 12 3\n3 12 0 3\n3 13 8 10\n3 11 15 14\n3 15 11 8\n3 14 2 1\n3 2 14 15\n3 9 14 12\n3 17 16 1\n3 20 32 25\n3 16 29 14\n3 32 20 21\n3 20 35 18\n3 25 28 35\n3 29 17 23\n3 5 17 1\n3 26 30 4\n3 25 17 5\n3 32 21 22\n3 23 32 22\n3 21 18 22\n3 19 29 23\n3 19 23 22\n3 16 17 29\n3 19 18 24\n3 26 4 0\n3 35 20 25\n3 11 25 5\n3 14 19 24\n3 9 34 11\n3 27 34 9\n3 26 0 12\n3 12 14 31\n3 28 31 24\n3 28 34 31\n3 24 31 14\n3 27 4 30\n3 25 11 28\n3 31 33 12\n3 19 14 29\n3 32 17 25\n3 28 24 35\n3 30 26 33\n3 30 33 27\n3 17 32 23\n3 19 22 18\n3 18 21 20\n3 31 34 33\n3 34 27 33\n3 18 35 24\n3 12 33 26\n3 34 28 11\n","hash":"SlJ5sYDBFn122iZrAOh5F92uj2VS9Oww3X2R8H7Ks5k="},"cache":{"boundingBox":[[325.9839582690627,9.69686564942394,9.999999999999657],[397.89965375231196,81.63664357629725,30.001062473438505]]},"hash":"qSI9mC4CdR3FiD9uYeNzccvccOupin15Ra2EB0UzVFw="}],"hash":"r1eNDULPJ8kEQvkqGt6htIyLt0gVdhOiTsyyNen7XiY="}],"hash":"TbGu1WB5jMStYVwUDuQ6RH2GDK3AXVtqGEsrrfZIdxI="},{"type":"plan","tags":["color:#3c3c3c","user:Solar"],"matrix":[0.7076142131979695,0.7065989847715736,0,0,-0.6771698727836372,0.6781428180031539,0.2855928601784955,0,0.2017996250601349,-0.20208956705016384,0.9583510412239693,0,361.79045629189216,45.81832178814819,19.281767955801104,1,"697/985","-313896/463541","467712/2317705","129003623/356570","696/985","314347/463541","-468384/2317705","16337439/356570","0","672/2353","2255/2353","3490/181","1"],"plan":{"type":"Box","history":[{"corner1":[18.5,31,0]},{"corner2":[-18.5,-31,0]}]},"content":[{"type":"graph","matrix":[0.7076142131979695,0.7065989847715736,0,0,-0.6771698727836372,0.6781428180031539,0.2855928601784955,0,0.2017996250601349,-0.20208956705016384,0.9583510412239693,0,361.79045629189216,45.81832178814819,19.281767955801104,1,"697/985","-313896/463541","467712/2317705","129003623/356570","696/985","314347/463541","-468384/2317705","16337439/356570","0","672/2353","2255/2353","3490/181","1"],"tags":["color:#3c3c3c","user:Solar"],"graph":{"isClosed":true,"isEmpty":false,"isLazy":true,"provenance":"algorithm/cgal/fromSurfaceMeshToLazyGraph","serializedSurfaceMesh":"8\n-37/2 31 0\n-37/2 -31 0\n37/2 -31 0\n37/2 31 0\n-37/2 31 3/2\n-37/2 -31 3/2\n37/2 -31 3/2\n37/2 31 3/2\n\n12\n3 0 2 1\n3 2 0 3\n3 5 6 4\n3 7 4 6\n3 1 5 4\n3 4 0 1\n3 2 6 5\n3 5 1 2\n3 3 7 6\n3 6 2 3\n3 0 4 7\n3 7 3 0\n","hash":"iHbRm4ngowT5Cto0wSOzfqWBZnB/19B35ndJihYoaXg="},"cache":{"boundingBox":[[327.7073272914361,11.420678861200242,10.42838929026739],[396.1762847299385,79.91283036452091,29.572673183170767]]},"hash":"5WOr6xI1I/9gMx9bkUX7EcIj4q3/Zwa578BcOCvnI5E="}],"hash":"15XLHeipatfea+0usXArki72PIz4LJK6H6s3f1OdQno="}],"hash":"bJHFN/g4Bc6kfp/vUi4TAdPg6A7jvVaMVzH8FPUpPq0="}],"hash":"N6zOeGDUxY3FJBClJqCCaK6tziejdkhxdVU/T4eoU/o="},{"type":"group","tags":[],"matrix":[0.7076142131979695,0.7065989847715736,0,0,-0.6771698727836372,0.6781428180031539,0.2855928601784955,0,0.2017996250601349,-0.20208956705016384,0.9583510412239693,0,398.3045685279188,38.263959390862944,10,1,"697/985","-313896/463541","467712/2317705","78466/197","696/985","314347/463541","-468384/2317705","7538/197","0","672/2353","2255/2353","10","1"],"content":[{"type":"group","tags":[],"matrix":[0.7076142131979695,0.7065989847715736,0,0,-0.6771698727836372,0.6781428180031539,0.2855928601784955,0,0.2017996250601349,-0.20208956705016384,0.9583510412239693,0,398.3045685279188,38.263959390862944,10,1,"697/985","-313896/463541","467712/2317705","78466/197","696/985","314347/463541","-468384/2317705","7538/197","0","672/2353","2255/2353","10","1"],"content":[{"type":"item","tags":["part:{\"BOMitemName\":\"Support Rail\",\"numberNeeded\":2,\"costUSD\":3.6,\"source\":\"www.example.com\",\"totalNeeded\":1,\"radius\":0.015384615384615385}"],"matrix":[0.7076142131979695,0.7065989847715736,0,0,-0.6771698727836372,0.6781428180031539,0.2855928601784955,0,0.2017996250601349,-0.20208956705016384,0.9583510412239693,0,391.5328698000824,45.04538757089448,12.855928601784955,1,"697/985","-313896/463541","467712/2317705","181491538/463541","696/985","314347/463541","-468384/2317705","20880384/463541","0","672/2353","2255/2353","30250/2353","1"],"content":[{"type":"plan","tags":["color:#bababa"],"matrix":[-0.2017996250601349,0.20208956705016384,-0.9583510412239693,0,-0.6771698727836372,0.6781428180031539,0.2855928601784955,0,0.7076142131979695,0.7065989847715736,0,0,391.4319699875523,45.14643235441956,12.37675308117297,1,"-467712/2317705","-313896/463541","697/985","907223834/2317705","468384/2317705","314347/463541","696/985","104636112/2317705","-2255/2353","672/2353","0","58245/4706","1"],"plan":{"type":"Box","history":[{"corner1":[0.5,0.5,0]},{"corner2":[-0.5,-0.5,0]}]},"content":[{"type":"graph","matrix":[-0.2017996250601349,0.20208956705016384,-0.9583510412239693,0,-0.6771698727836372,0.6781428180031539,0.2855928601784955,0,0.7076142131979695,0.7065989847715736,0,0,391.4319699875523,45.14643235441956,12.37675308117297,1,"-467712/2317705","-313896/463541","697/985","907223834/2317705","468384/2317705","314347/463541","696/985","104636112/2317705","-2255/2353","672/2353","0","58245/4706","1"],"tags":["color:#bababa","color:#bababa"],"graph":{"isClosed":true,"isEmpty":false,"isLazy":true,"provenance":"algorithm/cgal/fromSurfaceMeshToLazyGraph","serializedSurfaceMesh":"20\n1/2 -1/2 0\n1/2 1/2 0\n1/2 -1/2 40\n1/2 1/2 40\n-1/2 1/2 37981171049647447513871450321891679715/1290262638044385975265365406120935424\n1/2 -1355083087879921267/162489874555527495680 2117846593999356325/72057594037927936\n1/2 -1355083087879921267/162489874555527495680 2205609048276319835/72057594037927936\n1/2 1/2 39350954785956501178196828349099876893/1290262638044385975265365406120935424\n1/2 -18294747586285795023/40622468638881873920 4362617378165854385/144115188075855872\n-1/2 -1237814357582780355/8124493727776374784 4284293906385497935/144115188075855872\n-1/2 -1237814357582780355/8124493727776374784 4362617378165854385/144115188075855872\n1/2 -18294747586285795023/40622468638881873920 4284293906385497935/144115188075855872\n-1/2 1/2 0\n-1/2 9413524021121530345/32497974911105499136 2117846593999356325/72057594037927936\n1/2 1/2 38064803496706657337725096018156248547/1290262638044385975265365406120935424\n-1/2 1/2 40\n-1/2 1/2 39434587233015711002050474045364445725/1290262638044385975265365406120935424\n-1/2 -1/2 0\n-1/2 -1/2 40\n-1/2 9413524021121530345/32497974911105499136 2205609048276319835/72057594037927936\n\n36\n3 0 17 12\n3 0 12 1\n3 2 15 18\n3 3 15 2\n3 2 18 0\n3 5 0 1\n3 0 11 2\n3 5 11 0\n3 11 13 9\n3 6 7 3\n3 2 6 3\n3 7 16 3\n3 8 6 2\n3 12 14 1\n3 13 11 5\n3 5 14 13\n3 5 1 14\n3 18 17 0\n3 7 19 16\n3 19 6 10\n3 4 17 13\n3 16 18 15\n3 16 19 18\n3 8 11 10\n3 4 13 14\n3 10 18 19\n3 6 19 7\n3 8 2 11\n3 9 13 17\n3 17 10 9\n3 11 9 10\n3 16 15 3\n3 10 17 18\n3 8 10 6\n3 4 14 12\n3 4 12 17\n","hash":"UjAYXEM3L9VuWKcN0d26DtsFpqvneZ7j/J4qp2iayZ4="},"cache":{"boundingBox":[[390.9924852386295,44.706316161892026,11.754781130471383],[420.176023264394,73.8505079378101,12.998725031874566]]},"hash":"x2KMQnCvGS2/hXXpwq6VqbiWgBdzyKhCs6VLocvLA7U="}],"hash":"kDvrK07Wl3bKGkLbXYIKmbiffJ8cX2b9WaHJOKrKx+A="}],"hash":"urc/Gx22lkHPTjcaP9daWgiP1IBj+9nsC5enqiYFSng="},{"type":"item","tags":["part:{\"BOMitemName\":\"Support Rail\",\"numberNeeded\":2,\"costUSD\":3.6,\"source\":\"www.example.com\",\"totalNeeded\":1,\"radius\":0.015384615384615385}"],"matrix":[0.7076142131979695,0.7065989847715736,0,0,-0.6771698727836372,0.6781428180031539,0.2855928601784955,0,0.2017996250601349,-0.20208956705016384,0.9583510412239693,0,359.02871590646777,77.59624283504587,26.56438589035274,1,"697/985","-313896/463541","467712/2317705","166424530/463541","696/985","314347/463541","-468384/2317705","35969040/463541","0","672/2353","2255/2353","62506/2353","1"],"content":[{"type":"plan","tags":["color:#bababa"],"matrix":[-0.2017996250601349,0.20208956705016384,-0.9583510412239693,0,-0.6771698727836372,0.6781428180031539,0.2855928601784955,0,0.7076142131979695,0.7065989847715736,0,0,358.92781609393774,77.69728761857095,26.085210369740754,1,"-467712/2317705","-313896/463541","697/985","831888794/2317705","468384/2317705","314347/463541","696/985","180079392/2317705","-2255/2353","672/2353","0","122757/4706","1"],"plan":{"type":"Box","history":[{"corner1":[0.5,0.5,0]},{"corner2":[-0.5,-0.5,0]}]},"content":[{"type":"graph","matrix":[-0.2017996250601349,0.20208956705016384,-0.9583510412239693,0,-0.6771698727836372,0.6781428180031539,0.2855928601784955,0,0.7076142131979695,0.7065989847715736,0,0,358.92781609393774,77.69728761857095,26.085210369740754,1,"-467712/2317705","-313896/463541","697/985","831888794/2317705","468384/2317705","314347/463541","696/985","180079392/2317705","-2255/2353","672/2353","0","122757/4706","1"],"tags":["color:#bababa","color:#bababa"],"graph":{"isClosed":true,"isEmpty":false,"isLazy":true,"provenance":"algorithm/cgal/fromSurfaceMeshToLazyGraph","serializedSurfaceMesh":"18\n1/2 -1/2 0\n1/2 1/2 0\n1/2 -1/2 40\n1/2 1/2 40\n1/2 -2877844099447087385/8124493727776374784 549988374005953011/18014398509481984\n-1/2 -2283544698863543677/40622468638881873920 530875536562966029/18014398509481984\n-1/2 -1/2 920631437865637618233/29981671002232245764\n1/2 -1/2 917088313241723892921/29981671002232245764\n1/2 -1/2 881811946892210852919/29981671002232245764\n1/2 -2877844099447087385/8124493727776374784 530875536562966029/18014398509481984\n-1/2 -1/2 40\n-1/2 -2283544698863543677/40622468638881873920 549988374005953011/18014398509481984\n-1/2 1559/9020 30\n-1/2 1/2 40\n-1/2 -1/2 878268822268297127607/29981671002232245764\n-1/2 1/2 0\n-1/2 -1/2 0\n1/2 -1129/9020 30\n\n32\n3 0 16 15\n3 0 15 1\n3 10 2 13\n3 3 13 2\n3 7 6 4\n3 4 3 2\n3 1 15 3\n3 1 3 17\n3 4 2 7\n3 9 8 1\n3 8 14 0\n3 4 17 3\n3 17 12 5\n3 8 0 1\n3 2 6 7\n3 4 6 11\n3 1 17 9\n3 5 12 15\n3 11 13 12\n3 10 6 2\n3 15 13 3\n3 11 12 17\n3 14 5 16\n3 11 6 13\n3 5 15 16\n3 8 5 14\n3 15 12 13\n3 11 17 4\n3 14 16 0\n3 9 5 8\n3 17 5 9\n3 10 13 6\n","hash":"0mHTbPv5mkTZG8Y46X9lpoHwI0L2QnZRxlx3yh2DDAY="},"cache":{"boundingBox":[[358.48833134501496,77.25717142604346,25.463238419039143],[387.6718693707794,106.40136320196153,26.70718232044238]]},"hash":"OTefr2MOfcKhcC8S1h1N2pweHzZNMHI0QORfec2HU4w="}],"hash":"Gk4XNxXV2WN5iJ26qHweHk3/YVpdi3fRFMBKRojUKj0="}],"hash":"Y/M2prMUYtBhfdkin0DL+ELyGltB7glMG49maudcpKk="}],"hash":"Xn4Yqv6uuqFR1rWAKTxrcI76sZ/VGLDAVMPyCjcTmHE="},{"type":"group","tags":[],"matrix":[0.7076142131979695,0.7065