{"type":"group","tags":[],"content":[{"type":"group","tags":[],"content":[{"type":"plan","tags":["color:#fffcf7"],"matrix":[1,0,0,0,0,1,0,0,0,0,1,0,300,180,0,1,"1","0","0","300","0","1","0","180","0","0","1","0","1"],"plan":{"type":"Box","history":[{"corner1":[300,180,0]},{"corner2":[-300,-180,0]}]},"content":[{"type":"graph","matrix":[1,0,0,0,0,1,0,0,0,0,1,0,300,180,0,1,"1","0","0","300","0","1","0","180","0","0","1","0","1"],"tags":["color:#fffcf7"],"graph":{"isClosed":true,"isEmpty":false,"isLazy":true,"provenance":"algorithm/cgal/fromSurfaceMeshToLazyGraph","serializedSurfaceMesh":"20\n300 -180 0\n300 144 0\n-36 144 0\n-36 180 0\n-300 -180 0\n-300 180 0\n-36 180 10\n-300 180 10\n-180 48 10\n-228 24 10\n-36 144 10\n-228 48 0\n-180 24 0\n-180 48 0\n300 -180 10\n-300 -180 10\n-228 48 10\n300 144 10\n-228 24 0\n-180 24 10\n\n40\n3 1 0 2\n3 2 5 3\n3 0 4 2\n3 4 12 2\n3 6 7 10\n3 7 15 9\n3 1 17 14\n3 14 0 1\n3 2 10 17\n3 17 1 2\n3 3 6 10\n3 10 2 3\n3 5 7 6\n3 6 3 5\n3 0 14 15\n3 15 4 0\n3 4 15 7\n3 7 5 4\n3 8 10 7\n3 8 19 10\n3 12 19 13\n3 9 15 19\n3 17 10 14\n3 9 16 7\n3 13 16 11\n3 12 13 2\n3 4 5 18\n3 18 5 11\n3 13 5 2\n3 4 18 12\n3 13 11 5\n3 18 9 12\n3 9 18 16\n3 11 16 18\n3 19 12 9\n3 8 13 19\n3 8 7 16\n3 15 14 10\n3 8 16 13\n3 19 15 10\n","hash":"a4WAvCQuCaPmfjDrKVLfHb/0otmtM5rnPcRD1KYpnM4="},"cache":{"boundingBox":[[-4.547473508864642e-13,-2.842170943040401e-13,-7.895e-321],[600.000000000001,360.0000000000006,10.000000000000014]]},"hash":"sQn1rZiwKzcB09KS4NKCr0WMQTtO7h5hU+zS2VUV3TE="}],"hash":"oEX/2h2SAmhlocMHTH+CAWI8nPOzL104hI7ixXOD/6k="},{"type":"plan","tags":["color:#fffcf7"],"matrix":[1,0,0,0,0,1,0,0,0,0,1,0,96,216,0,1,"1","0","0","96","0","1","0","216","0","0","1","0","1"],"plan":{"type":"Box","history":[{"corner1":[24,12,0]},{"corner2":[-24,-12,0]}]},"content":[{"type":"graph","matrix":[1,0,0,0,0,1,0,0,0,0,1,0,96,216,0,1,"1","0","0","96","0","1","0","216","0","0","1","0","1"],"tags":["color:#fffcf7"],"graph":{"isClosed":true,"isEmpty":false,"isLazy":true,"provenance":"algorithm/cgal/fromSurfaceMeshToLazyGraph","serializedSurfaceMesh":"8\n-24 12 0\n-24 -12 0\n24 -12 0\n24 12 0\n-24 12 60\n-24 -12 60\n24 -12 60\n24 12 60\n\n12\n3 0 2 1\n3 2 0 3\n3 5 6 4\n3 7 4 6\n3 1 5 4\n3 4 0 1\n3 2 6 5\n3 5 1 2\n3 3 7 6\n3 6 2 3\n3 0 4 7\n3 7 3 0\n","hash":"n3UVjgjpp1+sD13gz800Ub5v6ow/znQD+KHYKLr5iSw="},"cache":{"boundingBox":[[71.99999999999984,203.99999999999966,-4.397e-321],[120.00000000000018,228.00000000000037,60.00000000000007]]},"hash":"75N6/t9rVG81YWeGlqHQtQ6ZYUTap6B22AU+xcuZlRw="}],"hash":"1Gwl4IjFoaRvNhmLGfuP8Pnh55lUBFT/iGzbCRHTAHI="},{"type":"group","tags":[],"matrix":[1,0,0,0,0,1,0,0,0,0,1,0,390,276,10,1,"1","0","0","390","0","1","0","276","0","0","1","10","1"],"content":[{"type":"plan","tags":["color:#fffcf7"],"matrix":[1,0,0,0,0,1,0,0,0,0,1,0,342,222,10,1,"1","0","0","342","0","1","0","222","0","0","1","10","1"],"plan":{"type":"Box","history":[{"corner1":[10,5,0]},{"corner2":[-10,-5,0]}]},"content":[{"type":"graph","matrix":[1,0,0,0,0,1,0,0,0,0,1,0,390,276,10,1,"1","0","0","390","0","1","0","276","0","0","1","10","1"],"tags":["color:#fffcf7"],"graph":{"isClosed":true,"isEmpty":false,"isLazy":true,"provenance":"algorithm/cgal/fromSurfaceMeshToLazyGraph","serializedSurfaceMesh":"8\n-58 -49 0\n-58 -59 0\n-38 -59 0\n-38 -49 0\n-58 -49 14\n-58 -59 14\n-38 -59 14\n-38 -49 14\n\n12\n3 0 2 1\n3 3 2 0\n3 5 6 4\n3 4 6 7\n3 1 5 4\n3 4 0 1\n3 2 6 5\n3 5 1 2\n3 3 7 6\n3 6 2 3\n3 0 4 7\n3 7 3 0\n","hash":"h2vFCvuKr8f6uWw4tJfvqyJm6CNCGUdYfVDeBntP2R4="},"cache":{"boundingBox":[[331.9999999999994,216.99999999999952,9.999999999999984],[352.0000000000006,227.00000000000048,24.000000000000032]]},"hash":"vUDOlwJlGo76sg8NAdZFsTK9YwB7oyMjJAKb731voqg="}],"hash":"WCAzIaLF+pKAmBtdp3dGBix+DiCPxWB2c7rV8nbpk2c="},{"type":"plan","tags":["color:#fffcf7"],"matrix":[1,0,0,0,0,1,0,0,0,0,1,0,390,222,10,1,"1","0","0","390","0","1","0","222","0","0","1","10","1"],"plan":{"type":"Arc","history":[{"corner1":[5,5,0]},{"corner2":[-5,-5,0]},{"sides":21}]},"content":[{"type":"graph","matrix":[1,0,0,0,0,1,0,0,0,0,1,0,390,276,10,1,"1","0","0","390","0","1","0","276","0","0","1","10","1"],"tags":["color:#fffcf7"],"graph":{"isClosed":true,"isEmpty":false,"isLazy":true,"provenance":"algorithm/cgal/fromSurfaceMeshToLazyGraph","serializedSurfaceMesh":"72\n1402043918085275/281474976710656 -483052760032035423/9007199254740992 0\n41930065496208065/9007199254740992 -469912175753438583/9007199254740992 0\n45/16 -224592555330172129/4503599627370496 0\n13245881256972045/9007199254740992 -443310850276817523/9007199254740992 0\n2202847643822525/562949953421312 -458347479057291613/9007199254740992 0\n0 -49 0\n-13245881256972045/9007199254740992 -443310850276817523/9007199254740992 0\n-2202847643822525/562949953421312 -458347479057291613/9007199254740992 0\n-41930065496208065/9007199254740992 -469912175753438583/9007199254740992 0\n-45/16 -224592555330172129/4503599627370496 0\n-15312238733059685/4503599627370496 -519415157023397203/9007199254740992 0\n-43881227138481755/9007199254740992 -496396758927948003/9007199254740992 0\n-39031196770544295/9007199254740992 -113/2 0\n-1402043918085275/281474976710656 -483052760032035423/9007199254740992 0\n-39161735890178225/18014398509481984 -131730289100587007/2251799813685248 0\n-27021597764222975/36028797018963968 -530882153664975093/9007199254740992 0\n27021597764222975/36028797018963968 -530882153664975093/9007199254740992 0\n39161735890178225/18014398509481984 -131730289100587007/2251799813685248 0\n15312238733059685/4503599627370496 -519415157023397203/9007199254740992 0\n39031196770544295/9007199254740992 -113/2 0\n43881227138481755/9007199254740992 -496396758927948003/9007199254740992 0\n1402043918085275/281474976710656 -483052760032035423/9007199254740992 14\n41930065496208065/9007199254740992 -469912175753438583/9007199254740992 14\n45/16 -224592555330172129/4503599627370496 14\n13245881256972045/9007199254740992 -443310850276817523/9007199254740992 14\n2202847643822525/562949953421312 -458347479057291613/9007199254740992 14\n0 -49 14\n-13245881256972045/9007199254740992 -443310850276817523/9007199254740992 14\n-2202847643822525/562949953421312 -458347479057291613/9007199254740992 14\n-41930065496208065/9007199254740992 -469912175753438583/9007199254740992 14\n-45/16 -224592555330172129/4503599627370496 14\n-15312238733059685/4503599627370496 -519415157023397203/9007199254740992 14\n-43881227138481755/9007199254740992 -496396758927948003/9007199254740992 14\n-39031196770544295/9007199254740992 -113/2 14\n-1402043918085275/281474976710656 -483052760032035423/9007199254740992 14\n-39161735890178225/18014398509481984 -131730289100587007/2251799813685248 14\n-27021597764222975/36028797018963968 -530882153664975093/9007199254740992 14\n27021597764222975/36028797018963968 -530882153664975093/9007199254740992 14\n39161735890178225/18014398509481984 -131730289100587007/2251799813685248 14\n15312238733059685/4503599627370496 -519415157023397203/9007199254740992 14\n39031196770544295/9007199254740992 -113/2 14\n43881227138481755/9007199254740992 -496396758927948003/9007199254740992 14\n8967013288835224545/14195346025471803392 -823699749569854051607/14195346025471803392 0\n609295651145306493/1774418253183975424 -817193595410529418225/14195346025471803392 0\n103/197 -89919/1576 0\n21201099415043937839/14195346025471803392 -811483215934500731015/14195346025471803392 0\n44125250943842973909/28390692050943606784 -6399382241735565237/110901140823998464 0\n33206958977661284779/28390692050943606784 -103071530072258144907/1774418253183975424 0\n1837603497340746433/1774418253183975424 -807381230865886362865/14195346025471803392 0\n103/197 -89919/1576 4\n44125250943842973909/28390692050943606784 -6399382241735565237/110901140823998464 4\n609295651145306493/1774418253183975424 -817193595410529418225/14195346025471803392 4\n21201099415043937839/14195346025471803392 -811483215934500731015/14195346025471803392 4\n1837603497340746433/1774418253183975424 -807381230865886362865/14195346025471803392 4\n8967013288835224545/14195346025471803392 -823699749569854051607/14195346025471803392 4\n33206958977661284779/28390692050943606784 -103071530072258144907/1774418253183975424 4\n17104122165286391309/17744182531839754240 -1033557550863552596803/17744182531839754240 14\n5891/3940 -56113/985 4\n17123235002729378291/17744182531839754240 -1006933368305471730877/17744182531839754240 4\n428/985 -224449/3940 4\n1472/985 -228631/3940 14\n30425769863048317763/17744182531839754240 -1020255016003233657331/17744182531839754240 14\n5891/3940 -56113/985 14\n3801587304967451837/17744182531839754240 -1020235903165790670349/17744182531839754240 14\n17123235002729378291/17744182531839754240 -1006933368305471730877/17744182531839754240 14\n428/985 -224449/3940 14\n1709/3940 -57157/985 14\n30425769863048317763/17744182531839754240 -1020255016003233657331/17744182531839754240 4\n17104122165286391309/17744182531839754240 -1033557550863552596803/17744182531839754240 4\n1472/985 -228631/3940 4\n1709/3940 -57157/985 4\n3801587304967451837/17744182531839754240 -1020235903165790670349/17744182531839754240 4\n\n144\n3 0 4 1\n3 3 2 5\n3 2 4 0\n3 5 2 9\n3 6 5 9\n3 9 2 13\n3 7 13 8\n3 7 9 13\n3 13 2 0\n3 11 14 10\n3 12 11 10\n3 11 13 14\n3 14 13 15\n3 15 13 16\n3 46 0 16\n3 17 16 0\n3 18 17 20\n3 19 18 20\n3 20 17 0\n3 22 25 21\n3 26 23 24\n3 21 25 23\n3 30 23 26\n3 30 26 27\n3 34 23 30\n3 29 34 28\n3 34 30 28\n3 21 23 34\n3 31 35 32\n3 31 32 33\n3 35 34 32\n3 36 34 35\n3 37 34 36\n3 50 55 69\n3 21 61 38\n3 41 38 39\n3 41 39 40\n3 21 38 41\n3 1 22 21\n3 21 0 1\n3 4 25 22\n3 22 1 4\n3 3 24 23\n3 23 2 3\n3 5 26 24\n3 24 3 5\n3 2 23 25\n3 25 4 2\n3 6 27 26\n3 26 5 6\n3 9 30 27\n3 27 6 9\n3 8 29 28\n3 28 7 8\n3 13 34 29\n3 29 8 13\n3 7 28 30\n3 30 9 7\n3 14 35 31\n3 31 10 14\n3 12 33 32\n3 32 11 12\n3 10 31 33\n3 33 12 10\n3 11 32 34\n3 34 13 11\n3 15 36 35\n3 35 14 15\n3 16 37 36\n3 36 15 16\n3 17 38 37\n3 37 16 17\n3 18 39 38\n3 38 17 18\n3 19 40 39\n3 39 18 19\n3 20 41 40\n3 40 19 20\n3 0 21 41\n3 41 20 0\n3 54 55 47\n3 13 43 16\n3 16 43 42\n3 48 0 45\n3 13 44 43\n3 13 0 48\n3 50 45 46\n3 47 46 16\n3 45 0 46\n3 42 47 16\n3 43 51 42\n3 44 13 48\n3 43 44 49\n3 49 51 43\n3 42 54 47\n3 47 55 46\n3 48 45 52\n3 48 53 44\n3 51 54 42\n3 63 66 70\n3 52 53 48\n3 50 52 45\n3 66 56 68\n3 62 64 57\n3 58 65 59\n3 50 46 55\n3 67 62 57\n3 64 65 58\n3 57 64 58\n3 61 62 67\n3 60 61 69\n3 59 63 71\n3 53 57 58\n3 55 70 68\n3 51 59 71\n3 60 38 61\n3 38 56 37\n3 50 69 67\n3 56 38 60\n3 49 44 53\n3 62 61 21\n3 67 57 52\n3 66 34 37\n3 34 64 21\n3 67 52 50\n3 66 63 34\n3 53 52 57\n3 53 59 49\n3 64 62 21\n3 69 61 67\n3 64 34 65\n3 59 53 58\n3 56 66 37\n3 65 63 59\n3 70 71 63\n3 63 65 34\n3 68 56 69\n3 69 55 68\n3 60 69 56\n3 55 54 70\n3 59 51 49\n3 68 70 66\n3 71 70 54\n3 54 51 71\n","hash":"Q/frofTZQOcGjmSqD9O/qgEElu5iG8/gvqMlMqIRZUY="},"cache":{"boundingBox":[[385.01893939393875,217.06024096385494,9.999999999999984],[394.98106060606125,227.00000000000048,24.000000000000032]]},"hash":"VhPQRjQb/ry/OYmoYhhlzzjVQbua+UU/0wxDzBjja+s="}],"hash":"Dphb1daOk2lBZwPnLkgBZrhxwXiR9PD8dQze7cKOplE="},{"type":"plan","tags":["color:#fffcf7"],"matrix":[1,0,0,0,0,1,0,0,0,0,1,0,390,258,10,1,"1","0","0","390","0","1","0","258","0","0","1","10","1"],"plan":{"type":"Arc","history":[{"corner1":[4,4,0]},{"corner2":[-4,-4,0]},{"sides":19}]},"content":[{"type":"graph","matrix":[1,0,0,0,0,1,0,0,0,0,1,0,390,276,10,1,"1","0","0","390","0","1","0","276","0","0","1","10","1"],"tags":["color:#fffcf7"],"graph":{"isClosed":true,"isEmpty":false,"isLazy":true,"provenance":"algorithm/cgal/fromSurfaceMeshToLazyGraph","serializedSurfaceMesh":"38\n-8256599316845909/2251799813685248 -88317343341940895/4503599627370496 0\n-4483759981434943/1125899906842624 -330263972673836373/18014398509481984 0\n-6622940628486023/2251799813685248 -46634047754384813/2251799813685248 0\n-4289142502257615/2251799813685248 -6057341498813317/281474976710656 0\n-2947810665187961/4503599627370496 -6176132097680191/281474976710656 0\n2947810665187961/4503599627370496 -6176132097680191/281474976710656 0\n4289142502257615/2251799813685248 -6057341498813317/281474976710656 0\n6622940628486023/2251799813685248 -46634047754384813/2251799813685248 0\n8256599316845909/2251799813685248 -88317343341940895/4503599627370496 0\n4483759981434943/1125899906842624 -330263972673836373/18014398509481984 0\n-31/8 -76653103861775381/4503599627370496 0\n31/8 -76653103861775381/4503599627370496 0\n7546572348566777/2251799813685248 -35599882768738207/2251799813685248 0\n2763572498613713/1125899906842624 -33421449866275787/2251799813685248 0\n5842507624696859/4503599627370496 -32012073026984877/2251799813685248 0\n0 -14 0\n-5842507624696859/4503599627370496 -32012073026984877/2251799813685248 0\n-2763572498613713/1125899906842624 -33421449866275787/2251799813685248 0\n-7546572348566777/2251799813685248 -35599882768738207/2251799813685248 0\n-8256599316845909/2251799813685248 -88317343341940895/4503599627370496 14\n-4483759981434943/1125899906842624 -330263972673836373/18014398509481984 14\n-6622940628486023/2251799813685248 -46634047754384813/2251799813685248 14\n-4289142502257615/2251799813685248 -6057341498813317/281474976710656 14\n-2947810665187961/4503599627370496 -6176132097680191/281474976710656 14\n2947810665187961/4503599627370496 -6176132097680191/281474976710656 14\n4289142502257615/2251799813685248 -6057341498813317/281474976710656 14\n6622940628486023/2251799813685248 -46634047754384813/2251799813685248 14\n8256599316845909/2251799813685248 -88317343341940895/4503599627370496 14\n4483759981434943/1125899906842624 -330263972673836373/18014398509481984 14\n-31/8 -76653103861775381/4503599627370496 14\n31/8 -76653103861775381/4503599627370496 14\n7546572348566777/2251799813685248 -35599882768738207/2251799813685248 14\n2763572498613713/1125899906842624 -33421449866275787/2251799813685248 14\n5842507624696859/4503599627370496 -32012073026984877/2251799813685248 14\n0 -14 14\n-5842507624696859/4503599627370496 -32012073026984877/2251799813685248 14\n-2763572498613713/1125899906842624 -33421449866275787/2251799813685248 14\n-7546572348566777/2251799813685248 -35599882768738207/2251799813685248 14\n\n72\n3 2 0 1\n3 3 2 4\n3 2 1 4\n3 4 1 5\n3 5 1 9\n3 6 5 7\n3 7 5 9\n3 8 7 9\n3 9 1 11\n3 11 1 10\n3 12 11 13\n3 13 11 14\n3 14 11 15\n3 15 11 10\n3 16 15 10\n3 17 16 10\n3 18 17 10\n3 20 19 21\n3 23 21 22\n3 23 20 21\n3 24 20 23\n3 28 20 24\n3 26 24 25\n3 28 24 26\n3 28 26 27\n3 30 20 28\n3 29 20 30\n3 32 30 31\n3 33 30 32\n3 34 30 33\n3 29 30 34\n3 29 34 35\n3 29 35 36\n3 29 36 37\n3 2 21 19\n3 19 0 2\n3 0 19 20\n3 20 1 0\n3 3 22 21\n3 21 2 3\n3 4 23 22\n3 22 3 4\n3 5 24 23\n3 23 4 5\n3 6 25 24\n3 24 5 6\n3 7 26 25\n3 25 6 7\n3 8 27 26\n3 26 7 8\n3 9 28 27\n3 27 8 9\n3 11 30 28\n3 28 9 11\n3 1 20 29\n3 29 10 1\n3 12 31 30\n3 30 11 12\n3 13 32 31\n3 31 12 13\n3 14 33 32\n3 32 13 14\n3 15 34 33\n3 33 14 15\n3 16 35 34\n3 34 15 16\n3 17 36 35\n3 35 16 17\n3 18 37 36\n3 36 17 18\n3 10 29 37\n3 37 18 10\n","hash":"37Uc/X2TwgCo4MMAm2fLbACMVafQtcsenhWraIaIgTU="},"cache":{"boundingBox":[[386.0176211453738,254.05797101449227,9.999999999999984],[393.9823788546262,262.00000000000057,24.000000000000032]]},"hash":"i/RG0faxuQtGhNCQwTsv63Nh4ZHAv2Wfj/4m0BJ/h4E="}],"hash":"oVf7OZnIzPYv1bFHpIgQ6SVROP12HEXCeKlWX15i40g="},{"type":"plan","tags":["color:#fffcf7"],"matrix":[1,0,0,0,0,1,0,0,0,0,1,0,390,276,10,1,"1","0","0","390","0","1","0","276","0","0","1","10","1"],"plan":{"type":"Arc","history":[{"corner1":[2,2,0]},{"corner2":[-2,-2,0]},{"sides":13}]},"content":[{"type":"graph","matrix":[1,0,0,0,0,1,0,0,0,0,1,0,390,276,10,1,"1","0","0","390","0","1","0","276","0","0","1","10","1"],"tags":["color:#fffcf7"],"graph":{"isClosed":true,"isEmpty":false,"isLazy":true,"provenance":"algorithm/cgal/fromSurfaceMeshToLazyGraph","serializedSurfaceMesh":"26\n8932759591478669/4503599627370496 1080863910568919/4503599627370496 0\n3708846751952173/2251799813685248 639024271451219/562949953421312 0\n8363827879402349/9007199254740992 1991976758260027/1125899906842624 0\n0 2 0\n-8363827879402349/9007199254740992 1991976758260027/1125899906842624 0\n-3708846751952173/2251799813685248 639024271451219/562949953421312 0\n-8932759591478669/4503599627370496 1080863910568919/4503599627370496 0\n-8426089625402863/4503599627370496 -6392205922719413/9007199254740992 0\n-2982113266772355/2251799813685248 -3366768653471147/2251799813685248 0\n-1080863910568919/2251799813685248 -8742281629601551/4503599627370496 0\n1080863910568919/2251799813685248 -8742281629601551/4503599627370496 0\n2982113266772355/2251799813685248 -3366768653471147/2251799813685248 0\n8426089625402863/4503599627370496 -6392205922719413/9007199254740992 0\n8932759591478669/4503599627370496 1080863910568919/4503599627370496 14\n3708846751952173/2251799813685248 639024271451219/562949953421312 14\n8363827879402349/9007199254740992 1991976758260027/1125899906842624 14\n0 2 14\n-8363827879402349/9007199254740992 1991976758260027/1125899906842624 14\n-3708846751952173/2251799813685248 639024271451219/562949953421312 14\n-8932759591478669/4503599627370496 1080863910568919/4503599627370496 14\n-8426089625402863/4503599627370496 -6392205922719413/9007199254740992 14\n-2982113266772355/2251799813685248 -3366768653471147/2251799813685248 14\n-1080863910568919/2251799813685248 -8742281629601551/4503599627370496 14\n1080863910568919/2251799813685248 -8742281629601551/4503599627370496 14\n2982113266772355/2251799813685248 -3366768653471147/2251799813685248 14\n8426089625402863/4503599627370496 -6392205922719413/9007199254740992 14\n\n48\n3 0 2 1\n3 4 8 6\n3 3 2 4\n3 5 4 6\n3 4 2 8\n3 7 6 8\n3 8 2 11\n3 9 8 10\n3 10 8 11\n3 11 2 0\n3 12 11 0\n3 14 15 13\n3 19 21 17\n3 17 15 16\n3 19 17 18\n3 21 15 17\n3 21 19 20\n3 24 15 21\n3 23 21 22\n3 24 21 23\n3 13 15 24\n3 13 24 25\n3 1 14 13\n3 13 0 1\n3 2 15 14\n3 14 1 2\n3 3 16 15\n3 15 2 3\n3 4 17 16\n3 16 3 4\n3 5 18 17\n3 17 4 5\n3 6 19 18\n3 18 5 6\n3 7 20 19\n3 19 6 7\n3 8 21 20\n3 20 7 8\n3 9 22 21\n3 21 8 9\n3 10 23 22\n3 22 9 10\n3 11 24 23\n3 23 10 11\n3 12 25 24\n3 24 11 12\n3 0 13 25\n3 25 12 0\n","hash":"ziq5ihbLAmyVFWaSLzaPUKgohIe39OmWDsF7yETD0Vw="},"cache":{"boundingBox":[[388.0165289256192,274.05882352941114,9.999999999999984],[391.9834710743808,278.00000000000057,24.000000000000032]]},"hash":"JOeF35OgiNnh6wOe2cSITcRs+z5fpK65WYf9FwRqa64="}],"hash":"eWZ34pdCGFCiHVcrShMwGJKwi755Sl5al4vfITjLnA0="}],"hash":"X8dRSicx5KX+WLvnKq2MPyLVUDCCv2KqiDQba4YcfEE="}],"hash":"Z8OHPAtJhi3u/vjoH6Qy+votqDf+ptnkblh9zCJUneY="},{"type":"group","tags":[],"matrix":[1,0,0,0,0,1,0,0,0,0,1,0,480,10,10,1,"1","0","0","480","0","1","0","10","0","0","1","10","1"],"content":[{"type":"group","tags":[],"matrix":[0.7076142131979695,0.7065989847715736,0,0,-0.7065989847715736,0.7076142131979695,0,0,0,0,1,0,370,10,10,1,"697/985","-696/985","0","370","696/985","697/985","0","10","0","0","1","10","1"],"content":[{"type":"group","tags":[],"matrix":[0.7076142131979695,0.7065989847715736,0,0,-0.7065989847715736,0.7076142131979695,0,0,0,0,1,0,370,10,10,1,"697/985","-696/985","0","370","696/985","697/985","0","10","0","0","1","10","1"],"content":[{"type":"group","tags":[],"matrix":[0.7076142131979695,0.7065989847715736,0,0,-0.679854132963414,0.6808309348785914,0.27252081756245267,0,0.19256293301874827,-0.19283960389952234,0.9621498864496593,0,370,10,10,1,"697/985","-884616/1301185","50112/260237","370","696/985","885887/1301185","-50184/260237","10","0","360/1321","1271/1321","10","1"],"content":[{"type":"group","tags":[],"matrix":[0.7076142131979695,0.7065989847715736,0,0,-0.679854132963414,0.6808309348785914,0.27252081756245267,0,0.19256293301874827,-0.19283960389952234,0.9621498864496593,0,370,10,10,1,"697/985","-884616/1301185","50112/260237","370","696/985","885887/1301185","-50184/260237","10","0","360/1321","1271/1321","10","1"],"content":[{"type":"item","tags":["part:{\"BOMitemName\":\"Support Rail\",\"numberNeeded\":2,\"costUSD\":3.6,\"source\":\"www.example.com\",\"totalNeeded\":1,\"radius\":0.015384615384615385}"],"matrix":[0.7076142131979695,0.7065989847715736,0,0,-0.679854132963414,0.6808309348785914,0.27252081756245267,0,0.19256293301874827,-0.19283960389952234,0.9621498864496593,0,363.2014586703658,16.80830934878591,12.725208175624527,1,"697/985","-884616/1301185","50112/260237","94518458/260237","696/985","885887/1301185","-50184/260237","4374144/260237","0","360/1321","1271/1321","16810/1321","1"],"content":[{"type":"plan","tags":["color:#bababa"],"matrix":[-0.19256293301874827,0.19283960389952234,-0.9621498864496593,0,-0.679854132963414,0.6808309348785914,0.27252081756245267,0,0.7076142131979695,0.7065989847715736,0,0,363.10517720385644,16.904729150735673,12.244133232399696,1,"-50112/260237","-884616/1301185","697/985","94493402/260237","50184/260237","885887/1301185","696/985","4399236/260237","-1271/1321","360/1321","0","32349/2642","1"],"plan":{"type":"Box","history":[{"corner1":[0.5,0.5,0]},{"corner2":[-0.5,-0.5,0]}]},"content":[{"type":"graph","matrix":[-0.19256293301874827,0.19283960389952234,-0.9621498864496593,0,-0.679854132963414,0.6808309348785914,0.27252081756245267,0,0.7076142131979695,0.7065989847715736,0,0,363.10517720385644,16.904729150735673,12.244133232399696,1,"-50112/260237","-884616/1301185","697/985","94493402/260237","50184/260237","885887/1301185","696/985","4399236/260237","-1271/1321","360/1321","0","32349/2642","1"],"tags":["color:#bababa","color:#bababa"],"graph":{"isClosed":true,"isEmpty":false,"isLazy":true,"provenance":"algorithm/cgal/fromSurfaceMeshToLazyGraph","serializedSurfaceMesh":"14\n1/2 -1/2 0\n1/2 1/2 356621128874233141087980484265445557/724367592374260039662366213976096768\n1/2 -1/2 40\n1/2 1/2 40\n-1/2 -1/2 0\n1/2 -10863808201124477655/22896300505551601664 39161735890178225/144115188075855872\n1/2 -3132503740815477595/91585202022206406656 43881227138481755/72057594037927936\n1/2 -10863808201124477655/22896300505551601664 0\n-1/2 1/2 40\n-1/2 22808230112838579365/91585202022206406656 43881227138481755/72057594037927936\n-1/2 -4378624737710963415/22896300505551601664 39161735890178225/144115188075855872\n-1/2 -4378624737710963415/22896300505551601664 0\n-1/2 1/2 401424225513095546723862107264321717/724367592374260039662366213976096768\n-1/2 -1/2 40\n\n24\n3 2 8 13\n3 3 8 2\n3 0 2 13\n3 1 3 2\n3 2 5 6\n3 1 12 3\n3 5 11 10\n3 5 2 0\n3 4 11 0\n3 13 4 0\n3 9 6 5\n3 6 1 2\n3 7 5 0\n3 7 0 11\n3 12 9 8\n3 10 8 9\n3 13 8 4\n3 12 1 9\n3 10 4 8\n3 11 4 10\n3 12 8 3\n3 9 5 10\n3 6 9 1\n3 7 11 5\n","hash":"LKk/kyMZuMVEiDnsPCAFqKtxK4ylNnkU3lniAEgOWIo="},"cache":{"boundingBox":[[363.0173417650983,16.46789388134587,11.626797880393356],[391.8459542647672,45.60552381098852,12.861468584406044]]},"hash":"0FVTMqRzWPZ1IaFjA7+IakQtroG2sFjocDW6MUXN3ik="}],"hash":"DlFNc/UT4M/ROlDMkpdcXwBql2gDgt4EMenciNwrMmI="}],"hash":"XidkJP2eHZju90vFTYHuMzcAkJQXX9YNZ1PRvdWElno="},{"type":"item","tags":["part:{\"BOMitemName\":\"Support Rail\",\"numberNeeded\":2,\"costUSD\":3.6,\"source\":\"www.example.com\",\"totalNeeded\":1,\"radius\":0.015384615384615385}"],"matrix":[0.7076142131979695,0.7065989847715736,0,0,-0.679854132963414,0.6808309348785914,0.27252081756245267,0,0.19256293301874827,-0.19283960389952234,0.9621498864496593,0,330.56846028812197,49.4881942229583,25.806207418622254,1,"697/985","-884616/1301185","50112/260237","430130722/1301185","696/985","885887/1301185","-50184/260237","64393296/1301185","0","360/1321","1271/1321","34090/1321","1"],"content":[{"type":"plan","tags":["color:#bababa"],"matrix":[-0.19256293301874827,0.19283960389952234,-0.9621498864496593,0,-0.679854132963414,0.6808309348785914,0.27252081756245267,0,0.7076142131979695,0.7065989847715736,0,0,330.4721788216126,49.58461402490806,25.325132475397425,1,"-50112/260237","-884616/1301185","697/985","430005442/1301185","50184/260237","885887/1301185","696/985","64518756/1301185","-1271/1321","360/1321","0","66909/2642","1"],"plan":{"type":"Box","history":[{"corner1":[0.5,0.5,0]},{"corner2":[-0.5,-0.5,0]}]},"content":[{"type":"graph","matrix":[-0.19256293301874827,0.19283960389952234,-0.9621498864496593,0,-0.679854132963414,0.6808309348785914,0.27252081756245267,0,0.7076142131979695,0.7065989847715736,0,0,330.4721788216126,49.58461402490806,25.325132475397425,1,"-50112/260237","-884616/1301185","697/985","430005442/1301185","50184/260237","885887/1301185","696/985","64518756/1301185","-1271/1321","360/1321","0","66909/2642","1"],"tags":["color:#bababa","color:#bababa"],"graph":{"isClosed":true,"isEmpty":false,"isLazy":true,"provenance":"algorithm/cgal/fromSurfaceMeshToLazyGraph","serializedSurfaceMesh":"12\n1/2 1/2 0\n1/2 -1/2 40\n1/2 1/2 40\n560094012194198777/2161727821137838080 -1/2 9556418721493491/18014398509481984\n1/2 -1729/5084 0\n-1/2 -289/5084 0\n1/2 -1/2 2589789473524736061/6964981589568498716\n-1/2 -1/2 10370032439540643321/16832038841457202148\n-1/2 1/2 40\n-1/2 1/2 0\n-1/2 -1/2 40\n-1/2 -6525276484486447381/22896300505551601664 9556418721493491/18014398509481984\n\n20\n3 1 8 10\n3 2 8 1\n3 0 2 1\n3 4 0 6\n3 0 9 2\n3 6 1 10\n3 1 6 0\n3 0 4 9\n3 9 4 5\n3 3 7 11\n3 5 11 9\n3 5 3 11\n3 4 6 5\n3 8 9 11\n3 5 6 3\n3 7 3 10\n3 11 7 8\n3 10 3 6\n3 7 10 8\n3 8 2 9\n","hash":"JQbAGLj4ldRkvE+6y8WGtItsqdzRGAubkGair8yfm+M="},"cache":{"boundingBox":[[330.0359702886207,49.44949238578605,24.707797123391057],[359.2129558825234,78.28540868516083,25.942467827403785]]},"hash":"J0QSksqAFb5x8+vWKIw+YP0qRy2CFmGaAdJBKncLQEI="}],"hash":"U7bSoN9f2PXDYvmTuV1YjJ6CHaMl+s0A84xsE+MErrY="}],"hash":"2ukPur7m2NQw2EDy3XKBakoLxiSZRmcRMdWWimteZ98="}],"hash":"yhnyiHDDA2NItvCaXzc/n9O0qFaz4BZ5OyVcNxMG4xU="},{"type":"group","tags":[],"matrix":[0.7076142131979695,0.7065989847715736,0,0,-0.679854132963414,0.6808309348785914,0.27252081756245267,0,0.19256293301874827,-0.19283960389952234,0.9621498864496593,0,361.7032178360494,45.9056855865999,18.85692657077971,1,"697/985","-884616/1301185","50112/260237","941285603/2602370","696/985","885887/1301185","-50184/260237","119463579/2602370","0","360/1321","1271/1321","24910/1321","1"],"content":[{"type":"item","tags":["part:{\"BOMitemName\":\"400 Watt Solar Pannel\",\"numberNeeded\":1,\"costUSD\":312,\"source\":\"https://www.ecodirect.com/Canadian-Solar-CS1Y-400W-All-Black-Solar-Panel-p/canadian-solar-cs1y-400m5.htm\",\"totalNeeded\":1,\"radius\":0.015384615384615385}"],"matrix":[0.7076142131979695,0.7065989847715736,0,0,-0.679854132963414,0.6808309348785914,0.27252081756245267,0,0.19256293301874827,-0.19283960389952234,0.9621498864496593,0,361.7032178360494,45.9056855865999,18.85692657077971,1,"697/985","-884616/1301185","50112/260237","941285603/2602370","696/985","885887/1301185","-50184/260237","119463579/2602370","0","360/1321","1271/1321","24910/1321","1"],"content":[{"type":"plan","tags":["color:#bababa"],"matrix":[0.7076142131979695,0.7065989847715736,0,0,-0.679854132963414,0.6808309348785914,0.27252081756245267,0,0.19256293301874827,-0.19283960389952234,0.9621498864496593,0,361.7032178360494,45.9056855865999,18.85692657077971,1,"697/985","-884616/1301185","50112/260237","941285603/2602370","696/985","885887/1301185","-50184/260237","119463579/2602370","0","360/1321","1271/1321","24910/1321","1"],"plan":{"type":"Box","history":[{"corner1":[19.5,32.5,0]},{"corner2":[-19.5,-32.5,0]}]},"content":[{"type":"graph","matrix":[0.7076142131979695,0.7065989847715736,0,0,-0.679854132963414,0.6808309348785914,0.27252081756245267,0,0.19256293301874827,-0.19283960389952234,0.9621498864496593,0,361.7032178360494,45.9056855865999,18.85692657077971,1,"697/985","-884616/1301185","50112/260237","941285603/2602370","696/985","885887/1301185","-50184/260237","119463579/2602370","0","360/1321","1271/1321","24910/1321","1"],"tags":["color:#bababa"],"graph":{"isClosed":true,"isEmpty":false,"isLazy":true,"provenance":"algorithm/cgal/fromSurfaceMeshToLazyGraph","serializedSurfaceMesh":"36\n-39/2 65/2 0\n-39/2 -65/2 0\n39/2 -65/2 0\n39/2 65/2 0\n-39/2 65/2 3/2\n-39/2 -65/2 3/2\n39/2 -65/2 3/2\n39/2 65/2 3/2\n37/2 -31 3/2\n-37/2 31 3/2\n37/2 31 3/2\n-37/2 -31 3/2\n-37/2 31 0\n37/2 31 0\n-37/2 -31 0\n37/2 -31 0\n-39/2 -519545386112622000855/22896300505551601664 0\n-39/2 -218175/10168 0\n-39/2 -531378594133537979145/23797020431025700864 3797660385780170707/2974627553878212608\n-85617345089902147/4503599627370496 -1987595716677668479205/91585202022206406656 0\n-2771084431589011279/144115188075855872 -519545386112622000855/22896300505551601664 0\n-341724352213405197/18014398509481984 552082328144893591829/22896300505551601664 0\n-39/2 -223905/10568 1259/1321\n-85617345089902147/4503599627370496 -2038357232628585213115/95188081724102803456 12104826062593144153/11898510215512850432\n-1361241856601112997/72057594037927936 -2086717867344189484805/95188081724102803456 13817043656772681703/11898510215512850432\n-2771084431589011279/144115188075855872 -531378594133537979145/23797020431025700864 3797660385780170707/2974627553878212608\n-39/2 123587/5084 3/2\n-39/2 129353/5084 0\n-75/4 63775/2542 3/2\n-341724352213405197/18014398509481984 561810103340013863189/22896300505551601664 3/2\n-39/2 131513/5084 3/2\n-75/4 62695/2542 0\n-1361241856601112997/72057594037927936 -2037858815386805570395/91585202022206406656 0\n-341724352213405197/18014398509481984 577330386407079395051/22896300505551601664 0\n-341724352213405197/18014398509481984 587058161602199666411/22896300505551601664 3/2\n-39/2 3917/164 0\n\n72\n3 16 14 1\n3 3 2 15\n3 6 8 5\n3 4 10 7\n3 2 6 5\n3 5 1 2\n3 3 7 6\n3 6 2 3\n3 0 4 7\n3 7 3 0\n3 10 8 7\n3 6 7 8\n3 10 4 9\n3 30 9 4\n3 14 9 11\n3 13 15 8\n3 5 8 11\n3 10 12 13\n3 12 10 9\n3 15 13 3\n3 13 12 3\n3 12 0 3\n3 13 8 10\n3 11 15 14\n3 15 11 8\n3 14 2 1\n3 2 14 15\n3 9 14 12\n3 26 11 29\n3 18 16 1\n3 26 17 22\n3 29 35 26\n3 20 14 16\n3 22 17 23\n3 34 27 33\n3 20 32 14\n3 20 18 25\n3 30 4 27\n3 5 18 1\n3 28 29 11\n3 26 18 5\n3 22 23 24\n3 25 18 24\n3 24 23 19\n3 24 32 25\n3 16 18 20\n3 27 4 0\n3 35 17 26\n3 21 35 29\n3 11 26 5\n3 14 32 21\n3 11 9 28\n3 30 34 9\n3 31 33 12\n3 0 12 33\n3 31 12 14\n3 21 31 14\n3 28 9 34\n3 19 32 24\n3 17 35 19\n3 22 18 26\n3 33 27 0\n3 28 34 33\n3 21 29 31\n3 24 18 22\n3 19 23 17\n3 20 25 32\n3 19 21 32\n3 19 35 21\n3 31 29 28\n3 33 31 28\n3 30 27 34\n","hash":"C1LQLGSJHUIohnEqVo0Nlk+8vwST14v+046ZyLsNSKk="},"cache":{"boundingBox":[[325.80948135737725,9.71074059414991,9.999999999999677],[397.8857987142498,81.81137117320064,29.157077971234237]]},"hash":"3LJiiFlQD39UNmnxJXKTVxWeyKNub6XYfaj+kqKIovA="}],"hash":"LwOZRn1vak2oj5hmRrXYIZzE1zvoVqE0yNc8dBbS6rw="}],"hash":"pZh4fNgtjTtrp0uYeaCR7DPw+01Uxj73tgwYph5DWUU="},{"type":"plan","tags":["color:#3c3c3c","user:Solar"],"matrix":[0.7076142131979695,0.7065989847715736,0,0,-0.679854132963414,0.6808309348785914,0.27252081756245267,0,0.19256293301874827,-0.19283960389952234,0.9621498864496593,0,361.7032178360494,45.9056855865999,18.85692657077971,1,"697/985","-884616/1301185","50112/260237","941285603/2602370","696/985","885887/1301185","-50184/260237","119463579/2602370","0","360/1321","1271/1321","24910/1321","1"],"plan":{"type":"Box","history":[{"corner1":[18.5,31,0]},{"corner2":[-18.5,-31,0]}]},"content":[{"type":"graph","matrix":[0.7076142131979695,0.7065989847715736,0,0,-0.679854132963414,0.6808309348785914,0.27252081756245267,0,0.19256293301874827,-0.19283960389952234,0.9621498864496593,0,361.7032178360494,45.9056855865999,18.85692657077971,1,"697/985","-884616/1301185","50112/260237","941285603/2602370","696/985","885887/1301185","-50184/260237","119463579/2602370","0","360/1321","1271/1321","24910/1321","1"],"tags":["color:#3c3c3c","user:Solar"],"graph":{"isClosed":true,"isEmpty":false,"isLazy":true,"provenance":"algorithm/cgal/fromSurfaceMeshToLazyGraph","serializedSurfaceMesh":"8\n-37/2 31 0\n-37/2 -31 0\n37/2 -31 0\n37/2 31 0\n-37/2 31 3/2\n-37/2 -31 3/2\n37/2 -31 3/2\n37/2 31 3/2\n\n12\n3 0 2 1\n3 2 0 3\n3 5 6 4\n3 7 4 6\n3 1 5 4\n3 4 0 1\n3 2 6 5\n3 5 1 2\n3 3 7 6\n3 6 2 3\n3 0 4 7\n3 7 3 0\n","hash":"iHbRm4ngowT5Cto0wSOzfqWBZnB/19B35ndJihYoaXg="},"cache":{"boundingBox":[[327.53687677002034,11.438585981239397,10.408781226343372],[396.15840330160677,80.08352578611117,28.748296744890563]]},"hash":"XM9daUN8JZhvipfr2hFf5S2QkcJvjF0kKNDhbpC4XC4="}],"hash":"JF3MRAqyJjSnGUyHWE6+FJ16vZHNcpnqn3tFpbZi/pA="}],"hash":"qxe8PBqETnF9PkEZ8yhwqrxUOcw4EZC2lZcAZBUVtdc="}],"hash":"/4BJORUeeiSJQhaqGeoAJALWlhceR/kbZtbizZWjD8M="},{"type":"group","tags":[],"matrix":[0.7076142131979695,0.7065989847715736,0,0,-0.679854132963414,0.6808309348785914,0.27252081756245267,0,0.19256293301874827,-0.19283960389952234,0.9621498864496593,0,398.3045685279188,38.263959390862944,10,1,"697/985","-884616/1301185","50112/260237","78466/197","696/985","885887/1301185","-50184/260237","7538/197","0","360/1321","1271/1321","10","1"],"content":[{"type":"group","tags":[],"matrix":[0.7076142131979695,0.7065989847715736,0,0,-0.679854132963414,0.6808309348785914,0.27252081756245267,0,0.19256293301874827,-0.19283960389952234,0.9621498864496593,0,398.3045685279188,38.263959390862944,10,1,"697/985","-884616/1301185","50112/260237","78466/197","696/985","885887/1301185","-50184/260237","7538/197","0","360/1321","1271/1321","10","1"],"content":[{"type":"item","tags":["part:{\"BOMitemName\":\"Support Rail\",\"numberNeeded\":2,\"costUSD\":3.6,\"source\":\"www.example.com\",\"totalNeeded\":1,\"radius\":0.015384615384615385}"],"matrix":[0.7076142131979695,0.7065989847715736,0,0,-0.679854132963414,0.6808309348785914,0.27252081756245267,0,0.19256293301874827,-0.19283960389952234,0.9621498864496593,0,391.5060271982846,45.072268739648855,12.725208175624527,1,"697/985","-884616/1301185","50112/260237","101884354/260237","696/985","885887/1301185","-50184/260237","11729472/260237","0","360/1321","1271/1321","16810/1321","1"],"content":[{"type":"plan","tags":["color:#bababa"],"matrix":[-0.19256293301874827,0.19283960389952234,-0.9621498864496593,0,-0.679854132963414,0.6808309348785914,0.27252081756245267,0,0.7076142131979695,0.7065989847715736,0,0,391.4097457317752,45.16868854159862,12.244133232399696,1,"-50112/260237","-884616/1301185","697/985","101859298/260237","50184/260237","885887/1301185","696/985","11754564/260237","-1271/1321","360/1321","0","32349/2642","1"],"plan":{"type":"Box","history":[{"corner1":[0.5,0.5,0]},{"corner2":[-0.5,-0.5,0]}]},"content":[{"type":"graph","matrix":[-0.19256293301874827,0.19283960389952234,-0.9621498864496593,0,-0.679854132963414,0.6808309348785914,0.27252081756245267,0,0.7076142131979695,0.7065989847715736,0,0,391.4097457317752,45.16868854159862,12.244133232399696,1,"-50112/260237","-884616/1301185","697/985","101859298/260237","50184/260237","885887/1301185","696/985","11754564/260237","-1271/1321","360/1321","0","32349/2642","1"],"tags":["color:#bababa","color:#bababa"],"graph":{"isClosed":true,"isEmpty":false,"isLazy":true,"provenance":"algorithm/cgal/fromSurfaceMeshToLazyGraph","serializedSurfaceMesh":"20\n1/2 -1/2 0\n1/2 1/2 0\n1/2 -1/2 40\n1/2 1/2 40\n1/2 -10863808201124477655/22896300505551601664 4284293906385497935/144115188075855872\n1/2 1/2 21374406642353568048783005935017457483/724367592374260039662366213976096768\n1/2 -3132503740815477595/91585202022206406656 2117846593999356325/72057594037927936\n1/2 1/2 22087648900102034330958966903548348597/724367592374260039662366213976096768\n-1/2 1/2 21329603545714705643147124312018581323/724367592374260039662366213976096768\n-1/2 -4378624737710963415/22896300505551601664 4362617378165854385/144115188075855872\n1/2 -10863808201124477655/22896300505551601664 4362617378165854385/144115188075855872\n-1/2 -1/2 0\n-1/2 1/2 22132451996740896736594848526547224757/724367592374260039662366213976096768\n-1/2 22808230112838579365/91585202022206406656 2205609048276319835/72057594037927936\n-1/2 22808230112838579365/91585202022206406656 2117846593999356325/72057594037927936\n-1/2 1/2 0\n-1/2 1/2 40\n-1/2 -1/2 40\n1/2 -3132503740815477595/91585202022206406656 2205609048276319835/72057594037927936\n-1/2 -4378624737710963415/22896300505551601664 4284293906385497935/144115188075855872\n\n36\n3 0 11 15\n3 0 15 1\n3 2 16 17\n3 3 16 2\n3 2 17 0\n3 6 0 1\n3 6 8 14\n3 2 18 3\n3 3 7 12\n3 5 6 1\n3 0 6 4\n3 0 4 2\n3 4 10 2\n3 9 13 18\n3 10 18 2\n3 7 18 13\n3 19 6 14\n3 9 18 10\n3 12 16 3\n3 9 19 11\n3 19 10 4\n3 11 17 9\n3 5 1 8\n3 5 8 6\n3 15 8 1\n3 7 3 18\n3 7 13 12\n3 17 11 0\n3 9 10 19\n3 16 13 17\n3 6 19 4\n3 19 14 11\n3 12 13 16\n3 8 15 11\n3 8 11 14\n3 9 17 13\n","hash":"QNoQRAao6uy2AKYXO/iZAdYzpZLXTAQ5lhIpxX2iV08="},"cache":{"boundingBox":[[390.9735371987832,44.731853272208696,11.626797880393298],[420.1505227926861,73.86948320185158,12.861468584406095]]},"hash":"qnbySXn+Of7oW/QOEZ0nM8nhoAz5R8SN8XZuKH+3eoI="}],"hash":"HsOssPmEO086yE31LlnxjZw90T7y68fH52o7Fw3+Ft8="}],"hash":"zi7lyWeRRccl/bD9NeA7RhuSd4f9iV94GdWPe3R5HTE="},{"type":"item","tags":["part:{\"BOMitemName\":\"Support Rail\",\"numberNeeded\":2,\"costUSD\":3.6,\"source\":\"www.example.com\",\"totalNeeded\":1,\"radius\":0.015384615384615385}"],"matrix":[0.7076142131979695,0.7065989847715736,0,0,-0.679854132963414,0.6808309348785914,0.27252081756245267,0,0.19256293301874827,-0.19283960389952234,0.9621498864496593,0,358.87302881604074,77.75215361382124,25.806207418622254,1,"697/985","-884616/1301185","50112/260237","466960202/1301185","696/985","885887/1301185","-50184/260237","101169936/1301185","0","360/1321","1271/1321","34090/1321","1"],"content":[{"type":"plan","tags":["color:#bababa"],"matrix":[-0.19256293301874827,0.19283960389952234,-0.9621498864496593,0,-0.679854132963414,0.6808309348785914,0.27252081756245267,0,0.7076142131979695,0.7065989847715736,0,0,358.7767473495314,77.848573415771,25.325132475397425,1,"-50112/260237","-884616/1301185","697/985","466834922/1301185","50184/260237","885887/1301185","696/985","101295396/1301185","-1271/1321","360/1321","0","66909/2642","1"],"plan":{"type":"Box","history":[{"corner1":[0.5,0.5,0]},{"corner2":[-0.5,-0.5,0]}]},"content":[{"type":"graph","matrix":[-0.19256293301874827,0.19283960389952234,-0.9621498864496593,0,-0.679854132963414,0.6808309348785914,0.27252081756245267,0,0.7076142131979695,0.7065989847715736,0,0,358.7767473495314,77.848573415771,25.325132475397425,1,"-50112/260237","-884616/1301185","697/985","466834922/1301185","50184/260237","885887/1301185","696/985","101295396/1301185","-1271/1321","360/1321","0","66909/2642","1"],"tags":["color:#bababa","color:#bababa"],"graph":{"isClosed":true,"isEmpty":false,"isLazy":true,"provenance":"algorithm/cgal/fromSurfaceMeshToLazyGraph","serializedSurfaceMesh":"18\n1/2 -1/2 0\n1/2 1/2 0\n1/2 -1/2 40\n1/2 1/2 40\n1/2 -1/2 211539237160579697541/6964981589568498716\n1/2 -1729/5084 30\n-1/2 -289/5084 30\n1/2 -1/2 206359658213530225419/6964981589568498716\n-1/2 -6525276484486447381/22896300505551601664 530875536562966029/18014398509481984\n-1/2 -1/2 515331197683256707761/16832038841457202148\n-1/2 -1/2 40\n-1/2 -6525276484486447381/22896300505551601664 549988374005953011/18014398509481984\n-1/2 -1/2 494591132804175421119/16832038841457202148\n-1/2 1/2 40\n560094012194198777/2161727821137838080 -1/2 549988374005953011/18014398509481984\n-1/2 1/2 0\n560094012194198777/2161727821137838080 -1/2 530875536562966029/18014398509481984\n-1/2 -1/2 0\n\n32\n3 0 17 15\n3 0 15 1\n3 2 13 10\n3 3 13 2\n3 1 3 2\n3 14 9 11\n3 1 15 3\n3 1 7 0\n3 5 2 4\n3 0 7 16\n3 10 14 2\n3 5 1 2\n3 5 7 1\n3 4 14 6\n3 4 6 5\n3 6 14 11\n3 15 13 3\n3 8 6 15\n3 8 12 16\n3 12 17 0\n3 5 16 7\n3 11 10 6\n3 12 0 16\n3 9 10 11\n3 15 6 13\n3 13 6 10\n3 12 15 17\n3 12 8 15\n3 6 8 16\n3 5 6 16\n3 2 14 4\n3 9 14 10\n","hash":"8JIhdv/oOLokI9iopFsfarMr+S/pl7IedE6LTGsNSf8="},"cache":{"boundingBox":[[358.3405388165395,77.41173814638114,24.70779712339101],[387.51752441044226,106.5493680760239,25.942467827403814]]},"hash":"5FVWdvhXSIovLHJdbWJurDjeQkKgMoIWaDbmECw8zZY="}],"hash":"tXP6i/dLdh5/yboQkM4yYiy8veLKHNR/qGaA2ydxbFs="}],"hash":"JcnB/+cnABTj1IaVyQtfZOBfvtXCh3xC7WCaqHLfKl8="}],"hash":"zDGMMglrg8Ja43Hz4MNe2xNTJ5lgvbCUTctYTw1hh0E="},{"type":"group","tags":[],"matrix":[0.7076142131979695,0.7065989847715736,0,0,-0.67985413