{"type":"group","tags":[],"content":[{"type":"group","tags":[],"content":[{"type":"plan","tags":["color:#fffcf7"],"matrix":[1,0,0,0,0,1,0,0,0,0,1,0,300,180,0,1,"1","0","0","300","0","1","0","180","0","0","1","0","1"],"plan":{"type":"Box","history":[{"corner1":[300,180,0]},{"corner2":[-300,-180,0]}]},"content":[{"type":"graph","matrix":[1,0,0,0,0,1,0,0,0,0,1,0,300,180,0,1,"1","0","0","300","0","1","0","180","0","0","1","0","1"],"tags":["color:#fffcf7"],"graph":{"isClosed":true,"isEmpty":false,"isLazy":true,"provenance":"algorithm/cgal/fromSurfaceMeshToLazyGraph","serializedSurfaceMesh":"20\n300 -180 0\n300 144 0\n-36 144 0\n-36 180 0\n-300 -180 0\n-300 180 0\n-36 180 10\n-300 180 10\n-180 48 10\n-228 24 10\n-228 48 0\n-180 24 0\n-180 48 0\n-228 48 10\n-300 -180 10\n-228 24 0\n300 144 10\n300 -180 10\n-36 144 10\n-180 24 10\n\n40\n3 1 0 2\n3 2 5 3\n3 0 4 2\n3 4 11 2\n3 6 7 18\n3 7 14 9\n3 1 16 17\n3 17 0 1\n3 2 18 16\n3 16 1 2\n3 3 6 18\n3 18 2 3\n3 5 7 6\n3 6 3 5\n3 0 17 14\n3 14 4 0\n3 4 14 7\n3 7 5 4\n3 8 18 7\n3 8 19 18\n3 11 19 12\n3 9 14 19\n3 9 13 7\n3 12 13 10\n3 11 12 2\n3 4 5 15\n3 15 5 10\n3 12 5 2\n3 4 15 11\n3 12 10 5\n3 15 9 11\n3 9 15 13\n3 10 13 15\n3 19 11 9\n3 8 12 19\n3 8 7 13\n3 8 13 12\n3 19 14 18\n3 14 16 18\n3 17 16 14\n","hash":"Boq2kynotLV2iJGbtOVGtoEMvBx0FtMsGLnUG7hAxac="},"cache":{"boundingBox":[[-4.547473508864642e-13,-2.842170943040401e-13,-7.895e-321],[600.000000000001,360.0000000000006,10.000000000000014]]},"hash":"USk+u6zstONVnAPfun8K0bIwiqNnnSSLK65FbqKUZ8M="}],"hash":"x8Gg16DiVVxpuSuY0mWvtLKHF0XwAo0ZgMk55wRloV0="},{"type":"plan","tags":["color:#fffcf7"],"matrix":[1,0,0,0,0,1,0,0,0,0,1,0,96,216,0,1,"1","0","0","96","0","1","0","216","0","0","1","0","1"],"plan":{"type":"Box","history":[{"corner1":[24,12,0]},{"corner2":[-24,-12,0]}]},"content":[{"type":"graph","matrix":[1,0,0,0,0,1,0,0,0,0,1,0,96,216,0,1,"1","0","0","96","0","1","0","216","0","0","1","0","1"],"tags":["color:#fffcf7"],"graph":{"isClosed":true,"isEmpty":false,"isLazy":true,"provenance":"algorithm/cgal/fromSurfaceMeshToLazyGraph","serializedSurfaceMesh":"8\n-24 12 0\n-24 -12 0\n24 -12 0\n24 12 0\n-24 12 60\n-24 -12 60\n24 -12 60\n24 12 60\n\n12\n3 0 2 1\n3 2 0 3\n3 5 6 4\n3 7 4 6\n3 1 5 4\n3 4 0 1\n3 2 6 5\n3 5 1 2\n3 3 7 6\n3 6 2 3\n3 0 4 7\n3 7 3 0\n","hash":"n3UVjgjpp1+sD13gz800Ub5v6ow/znQD+KHYKLr5iSw="},"cache":{"boundingBox":[[71.99999999999984,203.99999999999966,-4.397e-321],[120.00000000000018,228.00000000000037,60.00000000000007]]},"hash":"75N6/t9rVG81YWeGlqHQtQ6ZYUTap6B22AU+xcuZlRw="}],"hash":"1Gwl4IjFoaRvNhmLGfuP8Pnh55lUBFT/iGzbCRHTAHI="},{"type":"group","tags":[],"matrix":[1,0,0,0,0,1,0,0,0,0,1,0,390,276,10,1,"1","0","0","390","0","1","0","276","0","0","1","10","1"],"content":[{"type":"plan","tags":["color:#fffcf7"],"matrix":[1,0,0,0,0,1,0,0,0,0,1,0,342,222,10,1,"1","0","0","342","0","1","0","222","0","0","1","10","1"],"plan":{"type":"Box","history":[{"corner1":[10,5,0]},{"corner2":[-10,-5,0]}]},"content":[{"type":"graph","matrix":[1,0,0,0,0,1,0,0,0,0,1,0,390,276,10,1,"1","0","0","390","0","1","0","276","0","0","1","10","1"],"tags":["color:#fffcf7"],"graph":{"isClosed":true,"isEmpty":false,"isLazy":true,"provenance":"algorithm/cgal/fromSurfaceMeshToLazyGraph","serializedSurfaceMesh":"8\n-58 -49 0\n-58 -59 0\n-38 -59 0\n-38 -49 0\n-58 -49 14\n-58 -59 14\n-38 -59 14\n-38 -49 14\n\n12\n3 0 2 1\n3 3 2 0\n3 5 6 4\n3 4 6 7\n3 1 5 4\n3 4 0 1\n3 2 6 5\n3 5 1 2\n3 3 7 6\n3 6 2 3\n3 0 4 7\n3 7 3 0\n","hash":"h2vFCvuKr8f6uWw4tJfvqyJm6CNCGUdYfVDeBntP2R4="},"cache":{"boundingBox":[[331.9999999999994,216.99999999999952,9.999999999999984],[352.0000000000006,227.00000000000048,24.000000000000032]]},"hash":"vUDOlwJlGo76sg8NAdZFsTK9YwB7oyMjJAKb731voqg="}],"hash":"WCAzIaLF+pKAmBtdp3dGBix+DiCPxWB2c7rV8nbpk2c="},{"type":"plan","tags":["color:#fffcf7"],"matrix":[1,0,0,0,0,1,0,0,0,0,1,0,390,222,10,1,"1","0","0","390","0","1","0","222","0","0","1","10","1"],"plan":{"type":"Arc","history":[{"corner1":[5,5,0]},{"corner2":[-5,-5,0]},{"sides":21}]},"content":[{"type":"graph","matrix":[1,0,0,0,0,1,0,0,0,0,1,0,390,276,10,1,"1","0","0","390","0","1","0","276","0","0","1","10","1"],"tags":["color:#fffcf7"],"graph":{"isClosed":true,"isEmpty":false,"isLazy":true,"provenance":"algorithm/cgal/fromSurfaceMeshToLazyGraph","serializedSurfaceMesh":"72\n1402043918085275/281474976710656 -483052760032035423/9007199254740992 0\n41930065496208065/9007199254740992 -469912175753438583/9007199254740992 0\n45/16 -224592555330172129/4503599627370496 0\n13245881256972045/9007199254740992 -443310850276817523/9007199254740992 0\n2202847643822525/562949953421312 -458347479057291613/9007199254740992 0\n0 -49 0\n-13245881256972045/9007199254740992 -443310850276817523/9007199254740992 0\n-2202847643822525/562949953421312 -458347479057291613/9007199254740992 0\n-41930065496208065/9007199254740992 -469912175753438583/9007199254740992 0\n-45/16 -224592555330172129/4503599627370496 0\n-15312238733059685/4503599627370496 -519415157023397203/9007199254740992 0\n-43881227138481755/9007199254740992 -496396758927948003/9007199254740992 0\n-39031196770544295/9007199254740992 -113/2 0\n-1402043918085275/281474976710656 -483052760032035423/9007199254740992 0\n-39161735890178225/18014398509481984 -131730289100587007/2251799813685248 0\n-27021597764222975/36028797018963968 -530882153664975093/9007199254740992 0\n27021597764222975/36028797018963968 -530882153664975093/9007199254740992 0\n39161735890178225/18014398509481984 -131730289100587007/2251799813685248 0\n15312238733059685/4503599627370496 -519415157023397203/9007199254740992 0\n39031196770544295/9007199254740992 -113/2 0\n43881227138481755/9007199254740992 -496396758927948003/9007199254740992 0\n1402043918085275/281474976710656 -483052760032035423/9007199254740992 14\n41930065496208065/9007199254740992 -469912175753438583/9007199254740992 14\n45/16 -224592555330172129/4503599627370496 14\n13245881256972045/9007199254740992 -443310850276817523/9007199254740992 14\n2202847643822525/562949953421312 -458347479057291613/9007199254740992 14\n0 -49 14\n-13245881256972045/9007199254740992 -443310850276817523/9007199254740992 14\n-2202847643822525/562949953421312 -458347479057291613/9007199254740992 14\n-41930065496208065/9007199254740992 -469912175753438583/9007199254740992 14\n-45/16 -224592555330172129/4503599627370496 14\n-15312238733059685/4503599627370496 -519415157023397203/9007199254740992 14\n-43881227138481755/9007199254740992 -496396758927948003/9007199254740992 14\n-39031196770544295/9007199254740992 -113/2 14\n-1402043918085275/281474976710656 -483052760032035423/9007199254740992 14\n-39161735890178225/18014398509481984 -131730289100587007/2251799813685248 14\n-27021597764222975/36028797018963968 -530882153664975093/9007199254740992 14\n27021597764222975/36028797018963968 -530882153664975093/9007199254740992 14\n39161735890178225/18014398509481984 -131730289100587007/2251799813685248 14\n15312238733059685/4503599627370496 -519415157023397203/9007199254740992 14\n39031196770544295/9007199254740992 -113/2 14\n43881227138481755/9007199254740992 -496396758927948003/9007199254740992 14\n8967013288835224545/14195346025471803392 -823699749569854051607/14195346025471803392 0\n609295651145306493/1774418253183975424 -817193595410529418225/14195346025471803392 0\n103/197 -89919/1576 0\n21201099415043937839/14195346025471803392 -811483215934500731015/14195346025471803392 0\n44125250943842973909/28390692050943606784 -6399382241735565237/110901140823998464 0\n33206958977661284779/28390692050943606784 -103071530072258144907/1774418253183975424 0\n1837603497340746433/1774418253183975424 -807381230865886362865/14195346025471803392 0\n44125250943842973909/28390692050943606784 -6399382241735565237/110901140823998464 4\n21201099415043937839/14195346025471803392 -811483215934500731015/14195346025471803392 4\n1837603497340746433/1774418253183975424 -807381230865886362865/14195346025471803392 4\n8967013288835224545/14195346025471803392 -823699749569854051607/14195346025471803392 4\n33206958977661284779/28390692050943606784 -103071530072258144907/1774418253183975424 4\n609295651145306493/1774418253183975424 -817193595410529418225/14195346025471803392 4\n103/197 -89919/1576 4\n5891/3940 -56113/985 4\n17104122165286391309/17744182531839754240 -1033557550863552596803/17744182531839754240 14\n17123235002729378291/17744182531839754240 -1006933368305471730877/17744182531839754240 4\n428/985 -224449/3940 4\n1472/985 -228631/3940 14\n30425769863048317763/17744182531839754240 -1020255016003233657331/17744182531839754240 14\n5891/3940 -56113/985 14\n3801587304967451837/17744182531839754240 -1020235903165790670349/17744182531839754240 14\n17123235002729378291/17744182531839754240 -1006933368305471730877/17744182531839754240 14\n428/985 -224449/3940 14\n1709/3940 -57157/985 14\n30425769863048317763/17744182531839754240 -1020255016003233657331/17744182531839754240 4\n17104122165286391309/17744182531839754240 -1033557550863552596803/17744182531839754240 4\n1472/985 -228631/3940 4\n1709/3940 -57157/985 4\n3801587304967451837/17744182531839754240 -1020235903165790670349/17744182531839754240 4\n\n144\n3 0 4 1\n3 3 2 5\n3 2 4 0\n3 5 2 9\n3 6 5 9\n3 9 2 13\n3 7 13 8\n3 7 9 13\n3 13 2 0\n3 11 14 10\n3 12 11 10\n3 11 13 14\n3 14 13 15\n3 15 13 16\n3 46 0 16\n3 17 16 0\n3 18 17 20\n3 19 18 20\n3 20 17 0\n3 22 25 21\n3 26 23 24\n3 21 25 23\n3 30 23 26\n3 30 26 27\n3 34 23 30\n3 29 34 28\n3 34 30 28\n3 21 23 34\n3 31 35 32\n3 31 32 33\n3 35 34 32\n3 36 34 35\n3 37 34 36\n3 21 61 38\n3 41 38 39\n3 41 39 40\n3 21 38 41\n3 1 22 21\n3 21 0 1\n3 4 25 22\n3 22 1 4\n3 3 24 23\n3 23 2 3\n3 5 26 24\n3 24 3 5\n3 2 23 25\n3 25 4 2\n3 6 27 26\n3 26 5 6\n3 9 30 27\n3 27 6 9\n3 8 29 28\n3 28 7 8\n3 13 34 29\n3 29 8 13\n3 7 28 30\n3 30 9 7\n3 14 35 31\n3 31 10 14\n3 12 33 32\n3 32 11 12\n3 10 31 33\n3 33 12 10\n3 11 32 34\n3 34 13 11\n3 15 36 35\n3 35 14 15\n3 16 37 36\n3 36 15 16\n3 17 38 37\n3 37 16 17\n3 18 39 38\n3 38 17 18\n3 19 40 39\n3 39 18 19\n3 20 41 40\n3 40 19 20\n3 0 21 41\n3 41 20 0\n3 52 53 47\n3 13 43 16\n3 16 43 42\n3 48 0 45\n3 13 44 43\n3 13 0 48\n3 49 45 46\n3 47 46 16\n3 45 0 46\n3 42 47 16\n3 43 54 42\n3 44 13 48\n3 43 44 55\n3 55 54 43\n3 52 47 42\n3 47 53 46\n3 48 45 50\n3 48 51 44\n3 50 51 48\n3 49 50 45\n3 63 66 70\n3 53 49 46\n3 54 52 42\n3 66 57 68\n3 62 64 56\n3 58 65 59\n3 67 62 56\n3 64 65 58\n3 56 64 58\n3 61 62 67\n3 55 44 51\n3 60 61 69\n3 60 38 61\n3 38 57 37\n3 67 49 69\n3 57 38 60\n3 59 63 71\n3 51 56 58\n3 53 70 68\n3 54 59 71\n3 62 61 21\n3 67 56 50\n3 66 34 37\n3 34 64 21\n3 67 50 49\n3 66 63 34\n3 51 50 56\n3 51 59 55\n3 64 62 21\n3 69 61 67\n3 64 34 65\n3 59 51 58\n3 57 66 37\n3 65 63 59\n3 70 71 63\n3 63 65 34\n3 68 57 69\n3 53 69 49\n3 69 53 68\n3 60 69 57\n3 53 52 70\n3 59 54 55\n3 68 70 66\n3 71 70 52\n3 52 54 71\n","hash":"X2yluio0XSjmI2aoViG4YKxL+xaN/lh/X52fOaf6ar0="},"cache":{"boundingBox":[[385.01893939393875,217.06024096385494,9.999999999999984],[394.98106060606125,227.00000000000048,24.000000000000032]]},"hash":"numiQDeAsBPE+o3ZwDUbRHyOez7ZneGiVvhZWRT6MGM="}],"hash":"MSCNm1bj4pnCa46/x+EQGSTNDxHaZGE0G5MjV6ANuyc="},{"type":"plan","tags":["color:#fffcf7"],"matrix":[1,0,0,0,0,1,0,0,0,0,1,0,390,258,10,1,"1","0","0","390","0","1","0","258","0","0","1","10","1"],"plan":{"type":"Arc","history":[{"corner1":[4,4,0]},{"corner2":[-4,-4,0]},{"sides":19}]},"content":[{"type":"graph","matrix":[1,0,0,0,0,1,0,0,0,0,1,0,390,276,10,1,"1","0","0","390","0","1","0","276","0","0","1","10","1"],"tags":["color:#fffcf7"],"graph":{"isClosed":true,"isEmpty":false,"isLazy":true,"provenance":"algorithm/cgal/fromSurfaceMeshToLazyGraph","serializedSurfaceMesh":"38\n-8256599316845909/2251799813685248 -88317343341940895/4503599627370496 0\n-4483759981434943/1125899906842624 -330263972673836373/18014398509481984 0\n-6622940628486023/2251799813685248 -46634047754384813/2251799813685248 0\n-4289142502257615/2251799813685248 -6057341498813317/281474976710656 0\n-2947810665187961/4503599627370496 -6176132097680191/281474976710656 0\n2947810665187961/4503599627370496 -6176132097680191/281474976710656 0\n4289142502257615/2251799813685248 -6057341498813317/281474976710656 0\n6622940628486023/2251799813685248 -46634047754384813/2251799813685248 0\n8256599316845909/2251799813685248 -88317343341940895/4503599627370496 0\n4483759981434943/1125899906842624 -330263972673836373/18014398509481984 0\n-31/8 -76653103861775381/4503599627370496 0\n31/8 -76653103861775381/4503599627370496 0\n7546572348566777/2251799813685248 -35599882768738207/2251799813685248 0\n2763572498613713/1125899906842624 -33421449866275787/2251799813685248 0\n5842507624696859/4503599627370496 -32012073026984877/2251799813685248 0\n0 -14 0\n-5842507624696859/4503599627370496 -32012073026984877/2251799813685248 0\n-2763572498613713/1125899906842624 -33421449866275787/2251799813685248 0\n-7546572348566777/2251799813685248 -35599882768738207/2251799813685248 0\n-8256599316845909/2251799813685248 -88317343341940895/4503599627370496 14\n-4483759981434943/1125899906842624 -330263972673836373/18014398509481984 14\n-6622940628486023/2251799813685248 -46634047754384813/2251799813685248 14\n-4289142502257615/2251799813685248 -6057341498813317/281474976710656 14\n-2947810665187961/4503599627370496 -6176132097680191/281474976710656 14\n2947810665187961/4503599627370496 -6176132097680191/281474976710656 14\n4289142502257615/2251799813685248 -6057341498813317/281474976710656 14\n6622940628486023/2251799813685248 -46634047754384813/2251799813685248 14\n8256599316845909/2251799813685248 -88317343341940895/4503599627370496 14\n4483759981434943/1125899906842624 -330263972673836373/18014398509481984 14\n-31/8 -76653103861775381/4503599627370496 14\n31/8 -76653103861775381/4503599627370496 14\n7546572348566777/2251799813685248 -35599882768738207/2251799813685248 14\n2763572498613713/1125899906842624 -33421449866275787/2251799813685248 14\n5842507624696859/4503599627370496 -32012073026984877/2251799813685248 14\n0 -14 14\n-5842507624696859/4503599627370496 -32012073026984877/2251799813685248 14\n-2763572498613713/1125899906842624 -33421449866275787/2251799813685248 14\n-7546572348566777/2251799813685248 -35599882768738207/2251799813685248 14\n\n72\n3 2 0 1\n3 3 2 4\n3 2 1 4\n3 4 1 5\n3 5 1 9\n3 6 5 7\n3 7 5 9\n3 8 7 9\n3 9 1 11\n3 11 1 10\n3 12 11 13\n3 13 11 14\n3 14 11 15\n3 15 11 10\n3 16 15 10\n3 17 16 10\n3 18 17 10\n3 20 19 21\n3 23 21 22\n3 23 20 21\n3 24 20 23\n3 28 20 24\n3 26 24 25\n3 28 24 26\n3 28 26 27\n3 30 20 28\n3 29 20 30\n3 32 30 31\n3 33 30 32\n3 34 30 33\n3 29 30 34\n3 29 34 35\n3 29 35 36\n3 29 36 37\n3 2 21 19\n3 19 0 2\n3 0 19 20\n3 20 1 0\n3 3 22 21\n3 21 2 3\n3 4 23 22\n3 22 3 4\n3 5 24 23\n3 23 4 5\n3 6 25 24\n3 24 5 6\n3 7 26 25\n3 25 6 7\n3 8 27 26\n3 26 7 8\n3 9 28 27\n3 27 8 9\n3 11 30 28\n3 28 9 11\n3 1 20 29\n3 29 10 1\n3 12 31 30\n3 30 11 12\n3 13 32 31\n3 31 12 13\n3 14 33 32\n3 32 13 14\n3 15 34 33\n3 33 14 15\n3 16 35 34\n3 34 15 16\n3 17 36 35\n3 35 16 17\n3 18 37 36\n3 36 17 18\n3 10 29 37\n3 37 18 10\n","hash":"37Uc/X2TwgCo4MMAm2fLbACMVafQtcsenhWraIaIgTU="},"cache":{"boundingBox":[[386.0176211453738,254.05797101449227,9.999999999999984],[393.9823788546262,262.00000000000057,24.000000000000032]]},"hash":"i/RG0faxuQtGhNCQwTsv63Nh4ZHAv2Wfj/4m0BJ/h4E="}],"hash":"oVf7OZnIzPYv1bFHpIgQ6SVROP12HEXCeKlWX15i40g="},{"type":"plan","tags":["color:#fffcf7"],"matrix":[1,0,0,0,0,1,0,0,0,0,1,0,390,276,10,1,"1","0","0","390","0","1","0","276","0","0","1","10","1"],"plan":{"type":"Arc","history":[{"corner1":[2,2,0]},{"corner2":[-2,-2,0]},{"sides":13}]},"content":[{"type":"graph","matrix":[1,0,0,0,0,1,0,0,0,0,1,0,390,276,10,1,"1","0","0","390","0","1","0","276","0","0","1","10","1"],"tags":["color:#fffcf7"],"graph":{"isClosed":true,"isEmpty":false,"isLazy":true,"provenance":"algorithm/cgal/fromSurfaceMeshToLazyGraph","serializedSurfaceMesh":"26\n8932759591478669/4503599627370496 1080863910568919/4503599627370496 0\n3708846751952173/2251799813685248 639024271451219/562949953421312 0\n8363827879402349/9007199254740992 1991976758260027/1125899906842624 0\n0 2 0\n-8363827879402349/9007199254740992 1991976758260027/1125899906842624 0\n-3708846751952173/2251799813685248 639024271451219/562949953421312 0\n-8932759591478669/4503599627370496 1080863910568919/4503599627370496 0\n-8426089625402863/4503599627370496 -6392205922719413/9007199254740992 0\n-2982113266772355/2251799813685248 -3366768653471147/2251799813685248 0\n-1080863910568919/2251799813685248 -8742281629601551/4503599627370496 0\n1080863910568919/2251799813685248 -8742281629601551/4503599627370496 0\n2982113266772355/2251799813685248 -3366768653471147/2251799813685248 0\n8426089625402863/4503599627370496 -6392205922719413/9007199254740992 0\n8932759591478669/4503599627370496 1080863910568919/4503599627370496 14\n3708846751952173/2251799813685248 639024271451219/562949953421312 14\n8363827879402349/9007199254740992 1991976758260027/1125899906842624 14\n0 2 14\n-8363827879402349/9007199254740992 1991976758260027/1125899906842624 14\n-3708846751952173/2251799813685248 639024271451219/562949953421312 14\n-8932759591478669/4503599627370496 1080863910568919/4503599627370496 14\n-8426089625402863/4503599627370496 -6392205922719413/9007199254740992 14\n-2982113266772355/2251799813685248 -3366768653471147/2251799813685248 14\n-1080863910568919/2251799813685248 -8742281629601551/4503599627370496 14\n1080863910568919/2251799813685248 -8742281629601551/4503599627370496 14\n2982113266772355/2251799813685248 -3366768653471147/2251799813685248 14\n8426089625402863/4503599627370496 -6392205922719413/9007199254740992 14\n\n48\n3 0 2 1\n3 4 8 6\n3 3 2 4\n3 5 4 6\n3 4 2 8\n3 7 6 8\n3 8 2 11\n3 9 8 10\n3 10 8 11\n3 11 2 0\n3 12 11 0\n3 14 15 13\n3 19 21 17\n3 17 15 16\n3 19 17 18\n3 21 15 17\n3 21 19 20\n3 24 15 21\n3 23 21 22\n3 24 21 23\n3 13 15 24\n3 13 24 25\n3 1 14 13\n3 13 0 1\n3 2 15 14\n3 14 1 2\n3 3 16 15\n3 15 2 3\n3 4 17 16\n3 16 3 4\n3 5 18 17\n3 17 4 5\n3 6 19 18\n3 18 5 6\n3 7 20 19\n3 19 6 7\n3 8 21 20\n3 20 7 8\n3 9 22 21\n3 21 8 9\n3 10 23 22\n3 22 9 10\n3 11 24 23\n3 23 10 11\n3 12 25 24\n3 24 11 12\n3 0 13 25\n3 25 12 0\n","hash":"ziq5ihbLAmyVFWaSLzaPUKgohIe39OmWDsF7yETD0Vw="},"cache":{"boundingBox":[[388.0165289256192,274.05882352941114,9.999999999999984],[391.9834710743808,278.00000000000057,24.000000000000032]]},"hash":"JOeF35OgiNnh6wOe2cSITcRs+z5fpK65WYf9FwRqa64="}],"hash":"eWZ34pdCGFCiHVcrShMwGJKwi755Sl5al4vfITjLnA0="}],"hash":"017RWZtMcoZd7VqeVBzAYgksUvunSoLIPNCRcPcVz6I="}],"hash":"8aUzydAXHWTlEaehKBFh2+czAb1zYm/+vvXupJID59o="},{"type":"group","tags":[],"matrix":[1,0,0,0,0,1,0,0,0,0,1,0,480,10,10,1,"1","0","0","480","0","1","0","10","0","0","1","10","1"],"content":[{"type":"group","tags":[],"matrix":[0.7076142131979695,0.7065989847715736,0,0,-0.7065989847715736,0.7076142131979695,0,0,0,0,1,0,370,10,10,1,"697/985","-696/985","0","370","696/985","697/985","0","10","0","0","1","10","1"],"content":[{"type":"group","tags":[],"matrix":[0.7076142131979695,0.7065989847715736,0,0,-0.7065989847715736,0.7076142131979695,0,0,0,0,1,0,370,10,10,1,"697/985","-696/985","0","370","696/985","697/985","0","10","0","0","1","10","1"],"content":[{"type":"group","tags":[],"matrix":[0.7076142131979695,0.7065989847715736,0,0,-0.6812546883306994,0.682233502538071,0.26542324246771876,0,0.18754779366246932,-0.1878172588832487,0.9641319942611191,0,370,10,10,1,"697/985","-467712/686545","25752/137309","370","696/985","672/985","-37/197","10","0","185/697","672/697","10","1"],"content":[{"type":"group","tags":[],"matrix":[0.7076142131979695,0.7065989847715736,0,0,-0.6812546883306994,0.682233502538071,0.26542324246771876,0,0.18754779366246932,-0.1878172588832487,0.9641319942611191,0,370,10,10,1,"697/985","-467712/686545","25752/137309","370","696/985","672/985","-37/197","10","0","185/697","672/697","10","1"],"content":[{"type":"item","tags":["part:{\"BOMitemName\":\"Support Rail\",\"numberNeeded\":2,\"costUSD\":3.6,\"source\":\"www.example.com\",\"totalNeeded\":1,\"radius\":0.015384615384615385}"],"matrix":[0.7076142131979695,0.7065989847715736,0,0,-0.6812546883306994,0.682233502538071,0.26542324246771876,0,0.18754779366246932,-0.1878172588832487,0.9641319942611191,0,363.18745311669295,16.82233502538071,12.654232424677186,1,"697/985","-467712/686545","25752/137309","49868906/137309","696/985","672/985","-37/197","3314/197","0","185/697","672/697","8820/697","1"],"content":[{"type":"plan","tags":["color:#bababa"],"matrix":[-0.18754779366246932,0.1878172588832487,-0.9641319942611191,0,-0.6812546883306994,0.682233502538071,0.26542324246771876,0,0.7076142131979695,0.7065989847715736,0,0,363.09367921986177,16.916243654822335,12.172166427546628,1,"-25752/137309","-467712/686545","697/985","49856030/137309","37/197","672/985","696/985","6665/394","-672/697","185/697","0","8484/697","1"],"plan":{"type":"Box","history":[{"corner1":[0.5,0.5,0]},{"corner2":[-0.5,-0.5,0]}]},"content":[{"type":"graph","matrix":[-0.18754779366246932,0.1878172588832487,-0.9641319942611191,0,-0.6812546883306994,0.682233502538071,0.26542324246771876,0,0.7076142131979695,0.7065989847715736,0,0,363.09367921986177,16.916243654822335,12.172166427546628,1,"-25752/137309","-467712/686545","697/985","49856030/137309","37/197","672/985","696/985","6665/394","-672/697","185/697","0","8484/697","1"],"tags":["color:#bababa","color:#bababa"],"graph":{"isClosed":true,"isEmpty":false,"isLazy":true,"provenance":"algorithm/cgal/fromSurfaceMeshToLazyGraph","serializedSurfaceMesh":"14\n1/2 -1963944737502483565/4035225266123964416 0\n1/2 -1/2 0\n1/2 -1/2 40\n1/2 1/2 40\n-1/2 -2559170488253283655/12105675798371893248 39161735890178225/144115188075855872\n1/2 -2291831810372985355/48422703193487572992 43881227138481755/72057594037927936\n1/2 -1963944737502483565/4035225266123964416 39161735890178225/144115188075855872\n1/2 1/2 10998503628454793201653155402852277/22482264411313142790429231470870528\n-1/2 1/2 40\n-1/2 -1/2 0\n-1/2 11038823086643682805/48422703193487572992 43881227138481755/72057594037927936\n-1/2 -1/2 40\n-1/2 1/2 12352845602015176378554805771282357/22482264411313142790429231470870528\n-1/2 -2559170488253283655/12105675798371893248 0\n\n24\n3 2 8 11\n3 3 8 2\n3 2 11 1\n3 3 2 5\n3 13 0 1\n3 13 4 6\n3 1 6 2\n3 1 0 6\n3 3 7 12\n3 1 9 13\n3 12 8 3\n3 10 4 11\n3 5 7 3\n3 1 11 9\n3 9 11 13\n3 2 6 5\n3 10 7 5\n3 5 6 10\n3 10 12 7\n3 12 10 8\n3 13 6 0\n3 13 11 4\n3 10 6 4\n3 11 8 10\n","hash":"HujvkBOOdeBEvI1DxKQ2WrM6Dz1EqIOFsIXXBNfqSlo="},"cache":{"boundingBox":[[363.0054485135143,16.481218274110947,11.55738880918193],[391.83264898877803,45.615228426396726,12.786944045911351]]},"hash":"U74oSQ+OI2FA0lFtLHEAbAvdeOdznoowxEW9FSrr8wQ="}],"hash":"qaPfb7PVvbxgGY1WYYSrOqhHh5EaDOl0xgwEROjkMqg="}],"hash":"VxPEzkOBB9BynROmX8MNrb7rrJybhmDTo9p0PVP9/MI="},{"type":"item","tags":["part:{\"BOMitemName\":\"Support Rail\",\"numberNeeded\":2,\"costUSD\":3.6,\"source\":\"www.example.com\",\"totalNeeded\":1,\"radius\":0.015384615384615385}"],"matrix":[0.7076142131979695,0.7065989847715736,0,0,-0.6812546883306994,0.682233502538071,0.26542324246771876,0,0.18754779366246932,-0.1878172588832487,0.9641319942611191,0,330.4872280768194,49.569543147208115,25.39454806312769,1,"697/985","-467712/686545","25752/137309","226894354/686545","696/985","672/985","-37/197","48826/985","0","185/697","672/697","17700/697","1"],"content":[{"type":"plan","tags":["color:#bababa"],"matrix":[-0.18754779366246932,0.1878172588832487,-0.9641319942611191,0,-0.6812546883306994,0.682233502538071,0.26542324246771876,0,0.7076142131979695,0.7065989847715736,0,0,330.39345417998817,49.663451776649744,24.91248206599713,1,"-25752/137309","-467712/686545","697/985","226829974/686545","37/197","672/985","696/985","97837/1970","-672/697","185/697","0","17364/697","1"],"plan":{"type":"Box","history":[{"corner1":[0.5,0.5,0]},{"corner2":[-0.5,-0.5,0]}]},"content":[{"type":"graph","matrix":[-0.18754779366246932,0.1878172588832487,-0.9641319942611191,0,-0.6812546883306994,0.682233502538071,0.26542324246771876,0,0.7076142131979695,0.7065989847715736,0,0,330.39345417998817,49.663451776649744,24.91248206599713,1,"-25752/137309","-467712/686545","697/985","226829974/686545","37/197","672/985","696/985","97837/1970","-672/697","185/697","0","17364/697","1"],"tags":["color:#bababa","color:#bababa"],"graph":{"isClosed":true,"isEmpty":false,"isLazy":true,"provenance":"algorithm/cgal/fromSurfaceMeshToLazyGraph","serializedSurfaceMesh":"12\n1/2 1/2 0\n-1/2 1/2 40\n1/2 -1/2 40\n1/2 1/2 40\n1/2 -1213/2688 0\n-1/2 1/2 0\n-499899558638125413/3332663724254167040 -1/2 9556418721493491/18014398509481984\n-1/2 -1/2 5052709250229644447/8881098465174617636\n1/2 -1/2 417296950838549107/3674937295934325212\n-1/2 -473/2688 0\n-1/2 -698057942242426931/1729382256910270464 9556418721493491/18014398509481984\n-1/2 -1/2 40\n\n20\n3 9 0 4\n3 2 1 11\n3 3 1 2\n3 0 3 2\n3 8 4 0\n3 3 0 5\n3 8 2 11\n3 11 6 8\n3 2 8 0\n3 4 8 9\n3 5 0 9\n3 10 6 7\n3 7 6 11\n3 9 10 5\n3 5 1 3\n3 5 10 1\n3 7 1 10\n3 8 6 9\n3 9 6 10\n3 7 11 1\n","hash":"QIYiPOUogJK9oHrGj/7NvdYRqAUn2td66uDXUw7AIzI="},"cache":{"boundingBox":[[329.9590529389908,49.44949238578607,24.297704447632427],[359.1324239489044,78.36243654822411,25.52725968436184]]},"hash":"KK1BvcDvOh0pMkBylw6hI+Rqi6JYQ4Todn8yb3Zrp4M="}],"hash":"+a2HiKYhuN0DQWLHBIvPfcfmkD6agnxDHCU6bHpH/RQ="}],"hash":"6iZrnmzX764lGI4pdcL5f23YpZpttjheiC6bsoNT4D8="}],"hash":"e2S1EsVN4IvMHOj9uEPHMAPa4Lv24uIA0DfgmL+/6ks="},{"type":"group","tags":[],"matrix":[0.7076142131979695,0.7065989847715736,0,0,-0.6812546883306994,0.682233502538071,0.26542324246771876,0,0.18754779366246932,-0.1878172588832487,0.9641319942611191,0,361.6576997866126,45.95126903553299,18.62625538020086,1,"697/985","-467712/686545","25752/137309","496588571/1373090","696/985","672/985","-37/197","45262/985","0","185/697","672/697","25965/1394","1"],"content":[{"type":"item","tags":["part:{\"BOMitemName\":\"400 Watt Solar Pannel\",\"numberNeeded\":1,\"costUSD\":312,\"source\":\"https://www.ecodirect.com/Canadian-Solar-CS1Y-400W-All-Black-Solar-Panel-p/canadian-solar-cs1y-400m5.htm\",\"totalNeeded\":1,\"radius\":0.015384615384615385}"],"matrix":[0.7076142131979695,0.7065989847715736,0,0,-0.6812546883306994,0.682233502538071,0.26542324246771876,0,0.18754779366246932,-0.1878172588832487,0.9641319942611191,0,361.6576997866126,45.95126903553299,18.62625538020086,1,"697/985","-467712/686545","25752/137309","496588571/1373090","696/985","672/985","-37/197","45262/985","0","185/697","672/697","25965/1394","1"],"content":[{"type":"plan","tags":["color:#bababa"],"matrix":[0.7076142131979695,0.7065989847715736,0,0,-0.6812546883306994,0.682233502538071,0.26542324246771876,0,0.18754779366246932,-0.1878172588832487,0.9641319942611191,0,361.6576997866126,45.95126903553299,18.62625538020086,1,"697/985","-467712/686545","25752/137309","496588571/1373090","696/985","672/985","-37/197","45262/985","0","185/697","672/697","25965/1394","1"],"plan":{"type":"Box","history":[{"corner1":[19.5,32.5,0]},{"corner2":[-19.5,-32.5,0]}]},"content":[{"type":"graph","matrix":[0.7076142131979695,0.7065989847715736,0,0,-0.6812546883306994,0.682233502538071,0.26542324246771876,0,0.18754779366246932,-0.1878172588832487,0.9641319942611191,0,361.6576997866126,45.95126903553299,18.62625538020086,1,"697/985","-467712/686545","25752/137309","496588571/1373090","696/985","672/985","-37/197","45262/985","0","185/697","672/697","25965/1394","1"],"tags":["color:#bababa"],"graph":{"isClosed":true,"isEmpty":false,"isLazy":true,"provenance":"algorithm/cgal/fromSurfaceMeshToLazyGraph","serializedSurfaceMesh":"36\n-39/2 65/2 0\n-39/2 -65/2 0\n39/2 -65/2 0\n39/2 65/2 0\n-39/2 65/2 3/2\n-39/2 -65/2 3/2\n39/2 -65/2 3/2\n39/2 65/2 3/2\n37/2 -31 3/2\n-37/2 31 3/2\n37/2 31 3/2\n-37/2 -31 3/2\n-37/2 31 0\n37/2 31 0\n-37/2 -31 0\n37/2 -31 0\n-39/2 -274936875951620881735/12105675798371893248 0\n-39/2 -115475/5376 0\n-39/2 9127/384 0\n-85617345089902147/4503599627370496 -350650550232326401895/16140901064495857664 0\n-1361241856601112997/72057594037927936 -1078471998766826709515/48422703193487572992 0\n-39/2 -8765412249746538475/392376117534654464 16970689295838871367/12556035761108942848\n-341724352213405197/18014398509481984 43401189608969469901/1729382256910270464 0\n-85617345089902147/4503599627370496 -33621601774739969185/1569504470138617856 55196626874520048693/50224143044435771392\n-1361241856601112997/72057594037927936 -34420636652023753375/1569504470138617856 62235743650591480843/50224143044435771392\n-2771084431589011279/144115188075855872 -8765412249746538475/392376117534654464 16970689295838871367/12556035761108942848\n-39/2 64999/2688 3/2\n-39/2 9883/384 3/2\n-39/2 68071/2688 0\n-75/4 33545/1344 3/2\n-341724352213405197/18014398509481984 308807322849167539867/12105675798371893248 3/2\n-341724352213405197/18014398509481984 42212239307343659059/1729382256910270464 3/2\n-75/4 16495/672 0\n-2771084431589011279/144115188075855872 -274936875951620881735/12105675798371893248 0\n-39/2 -29545/1394 5779/5576\n-341724352213405197/18014398509481984 290486679565024362853/12105675798371893248 0\n\n72\n3 16 14 1\n3 3 2 15\n3 6 8 5\n3 4 10 7\n3 25 34 24\n3 2 6 5\n3 5 1 2\n3 3 7 6\n3 6 2 3\n3 0 4 7\n3 7 3 0\n3 10 8 7\n3 6 7 8\n3 10 4 9\n3 27 9 4\n3 14 9 11\n3 13 15 8\n3 5 8 11\n3 10 12 13\n3 12 10 9\n3 15 13 3\n3 13 12 3\n3 12 0 3\n3 13 8 10\n3 11 15 14\n3 15 11 8\n3 14 2 1\n3 2 14 15\n3 9 14 12\n3 14 20 18\n3 16 33 14\n3 18 21 26\n3 34 17 23\n3 16 25 33\n3 5 21 16\n3 16 1 5\n3 26 21 5\n3 34 23 24\n3 23 19 24\n3 18 35 14\n3 25 24 20\n3 16 21 25\n3 17 34 18\n3 27 4 28\n3 19 17 18\n3 28 4 0\n3 11 26 5\n3 32 30 22\n3 27 30 9\n3 29 31 11\n3 29 11 9\n3 0 12 22\n3 14 32 12\n3 26 31 35\n3 20 33 25\n3 20 19 18\n3 35 32 14\n3 22 28 0\n3 26 35 18\n3 34 21 18\n3 29 9 30\n3 35 31 32\n3 21 34 25\n3 20 14 33\n3 20 24 19\n3 32 31 29\n3 19 23 17\n3 26 11 31\n3 12 32 22\n3 30 28 22\n3 30 32 29\n3 27 28 30\n","hash":"HtbRipGKvZrySE6Vkhpru9XpRnYFlREsCpkYi60CH3A="},"cache":{"boundingBox":[[325.71844525850366,9.718274111674381,9.99999999999969],[397.8782760052154,81.90253807106679,28.698708751793706]]},"hash":"nqJ8j6HHfRfDGE6hApVhwYypiDN4yOtPNxKTc+qxhHo="}],"hash":"DKZG3jYMBnw21DeltXIok4qCSr7gOsGK+KfEBjPCnYY="}],"hash":"g3EiFEQs6SA3kzdm1Q+/FfxdtH+hZr0B/6u7LuSYaD4="},{"type":"plan","tags":["color:#3c3c3c","user:Solar"],"matrix":[0.7076142131979695,0.7065989847715736,0,0,-0.6812546883306994,0.682233502538071,0.26542324246771876,0,0.18754779366246932,-0.1878172588832487,0.9641319942611191,0,361.6576997866126,45.95126903553299,18.62625538020086,1,"697/985","-467712/686545","25752/137309","496588571/1373090","696/985","672/985","-37/197","45262/985","0","185/697","672/697","25965/1394","1"],"plan":{"type":"Box","history":[{"corner1":[18.5,31,0]},{"corner2":[-18.5,-31,0]}]},"content":[{"type":"graph","matrix":[0.7076142131979695,0.7065989847715736,0,0,-0.6812546883306994,0.682233502538071,0.26542324246771876,0,0.18754779366246932,-0.1878172588832487,0.9641319942611191,0,361.6576997866126,45.95126903553299,18.62625538020086,1,"697/985","-467712/686545","25752/137309","496588571/1373090","696/985","672/985","-37/197","45262/985","0","185/697","672/697","25965/1394","1"],"tags":["color:#3c3c3c","user:Solar"],"graph":{"isClosed":true,"isEmpty":false,"isLazy":true,"provenance":"algorithm/cgal/fromSurfaceMeshToLazyGraph","serializedSurfaceMesh":"8\n-37/2 31 0\n-37/2 -31 0\n37/2 -31 0\n37/2 31 0\n-37/2 31 3/2\n-37/2 -31 3/2\n37/2 -31 3/2\n37/2 31 3/2\n\n12\n3 0 2 1\n3 2 0 3\n3 5 6 4\n3 7 4 6\n3 1 5 4\n3 4 0 1\n3 2 6 5\n3 5 1 2\n3 3 7 6\n3 6 2 3\n3 0 4 7\n3 7 3 0\n","hash":"iHbRm4ngowT5Cto0wSOzfqWBZnB/19B35ndJihYoaXg="},"cache":{"boundingBox":[[327.44794150419773,11.448223350253043,10.398134863701255],[396.14877975952135,80.17258883248807,28.300573888092128]]},"hash":"xM9InOCwFPHg7AdAMvYcOTx332RNFiD6LMseJMb9iIc="}],"hash":"lEKr975WM+cSM/zbwR/k1lebN+R/o5erDgmp5ytNO74="}],"hash":"vAOyYrALUGpQH4VTDxNFgPOxCPyhPZeKqfX+rMNsKO4="}],"hash":"dtGTtINpDdWzceg9m78kCfn71ViHFrIilm4ANgQVlSY="},{"type":"group","tags":[],"matrix":[0.7076142131979695,0.7065989847715736,0,0,-0.6812546883306994,0.682233502538071,0.26542324246771876,0,0.18754779366246932,-0.1878172588832487,0.9641319942611191,0,398.3045685279188,38.263959390862944,10,1,"697/985","-467712/686545","25752/137309","78466/197","696/985","672/985","-37/197","7538/197","0","185/697","672/697","10","1"],"content":[{"type":"group","tags":[],"matrix":[0.7076142131979695,0.7065989847715736,0,0,-0.6812546883306994,0.682233502538071,0.26542324246771876,0,0.18754779366246932,-0.1878172588832487,0.9641319942611191,0,398.3045685279188,38.263959390862944,10,1,"697/985","-467712/686545","25752/137309","78466/197","696/985","672/985","-37/197","7538/197","0","185/697","672/697","10","1"],"content":[{"type":"item","tags":["part:{\"BOMitemName\":\"Support Rail\",\"numberNeeded\":2,\"costUSD\":3.6,\"source\":\"www.example.com\",\"totalNeeded\":1,\"radius\":0.015384615384615385}"],"matrix":[0.7076142131979695,0.7065989847715736,0,0,-0.6812546883306994,0.682233502538071,0.26542324246771876,0,0.18754779366246932,-0.1878172588832487,0.9641319942611191,0,391.4920216446118,45.08629441624365,12.654232424677186,1,"697/985","-467712/686545","25752/137309","53755378/137309","696/985","672/985","-37/197","8882/197","0","185/697","672/697","8820/697","1"],"content":[{"type":"plan","tags":["color:#bababa"],"matrix":[-0.18754779366246932,0.1878172588832487,-0.9641319942611191,0,-0.6812546883306994,0.682233502538071,0.26542324246771876,0,0.7076142131979695,0.7065989847715736,0,0,391.39824774778054,45.180203045685275,12.172166427546628,1,"-25752/137309","-467712/686545","697/985","53742502/137309","37/197","672/985","696/985","17801/394","-672/697","185/697","0","8484/697","1"],"plan":{"type":"Box","history":[{"corner1":[0.5,0.5,0]},{"corner2":[-0.5,-0.5,0]}]},"content":[{"type":"graph","matrix":[-0.18754779366246932,0.1878172588832487,-0.9641319942611191,0,-0.6812546883306994,0.682233502538071,0.26542324246771876,0,0.7076142131979695,0.7065989847715736,0,0,391.39824774778054,45.180203045685275,12.172166427546628,1,"-25752/137309","-467712/686545","697/985","53742502/137309","37/197","672/985","696/985","17801/394","-672/697","185/697","0","8484/697","1"],"tags":["color:#bababa","color:#bababa"],"graph":{"isClosed":true,"isEmpty":false,"isLazy":true,"provenance":"algorithm/cgal/fromSurfaceMeshToLazyGraph","serializedSurfaceMesh":"20\n1/2 -2291831810372985355/48422703193487572992 2205609048276319835/72057594037927936\n1/2 -1/2 0\n1/2 1/2 0\n1/2 -1/2 40\n1/2 1/2 40\n1/2 -2291831810372985355/48422703193487572992 2117846593999356325/72057594037927936\n1/2 1/2 663469428710939490511223788723263563/22482264411313142790429231470870528\n-1/2 11038823086643682805/48422703193487572992 2205609048276319835/72057594037927936\n1/2 -1963944737502483565/4035225266123964416 4362617378165854385/144115188075855872\n-1/2 1/2 662115086737379107334322138354833483/22482264411313142790429231470870528\n1/2 1/2 685466435967849076914530099528968117/22482264411313142790429231470870528\n-1/2 11038823086643682805/48422703193487572992 2117846593999356325/72057594037927936\n-1/2 -1/2 0\n-1/2 1/2 40\n-1/2 1/2 0\n-1/2 -2559170488253283655/12105675798371893248 4362617378165854385/144115188075855872\n-1/2 -1/2 40\n-1/2 1/2 686820777941409460091431749897398197/22482264411313142790429231470870528\n1/2 -1963944737502483565/4035225266123964416 4284293906385497935/144115188075855872\n-1/2 -2559170488253283655/12105675798371893248 4284293906385497935/144115188075855872\n\n36\n3 1 12 14\n3 1 14 2\n3 3 13 16\n3 4 13 3\n3 3 16 1\n3 18 1 2\n3 1 18 3\n3 4 10 17\n3 5 9 11\n3 0 10 4\n3 8 0 3\n3 2 14 6\n3 5 18 2\n3 3 0 4\n3 11 19 18\n3 13 7 15\n3 2 6 5\n3 0 7 10\n3 12 11 9\n3 10 7 17\n3 8 18 15\n3 15 19 12\n3 16 15 12\n3 9 6 14\n3 8 7 0\n3 8 15 7\n3 11 12 19\n3 16 12 1\n3 17 13 4\n3 11 18 5\n3 9 5 6\n3 15 16 13\n3 17 7 13\n3 3 18 8\n3 14 12 9\n3 15 18 19\n","hash":"/x7pi6v04fCJfEtvACpr4akx546sbsG2qx9JR6f+ZG8="},"cache":{"boundingBox":[[390.96384650678306,44.745177664973745,11.55738880918188],[420.13721751669686,73.8791878172598,12.786944045911373]]},"hash":"rkI9ZxCinvYBzyDOalj8aGh53z8hyDMaL4mbZM+L3MI="}],"hash":"bBm/pK7ifN1FzPPvKvkfyj2BrmYORPKv6r522bgV+jg="}],"hash":"Qeev+QYaUI2GDDlUUBe7jp6gnQXcudMfPcZDQk4E5a4="},{"type":"item","tags":["part:{\"BOMitemName\":\"Support Rail\",\"numberNeeded\":2,\"costUSD\":3.6,\"source\":\"www.example.com\",\"totalNeeded\":1,\"radius\":0.015384615384615385}"],"matrix":[0.7076142131979695,0.7065989847715736,0,0,-0.6812546883306994,0.682233502538071,0.26542324246771876,0,0.18754779366246932,-0.1878172588832487,0.9641319942611191,0,358.7917966047382,77.83350253807106,25.39454806312769,1,"697/985","-467712/686545","25752/137309","246326714/686545","696/985","672/985","-37/197","76666/985","0","185/697","672/697","17700/697","1"],"content":[{"type":"plan","tags":["color:#bababa"],"matrix":[-0.18754779366246932,0.1878172588832487,-0.9641319942611191,0,-0.6812546883306994,0.682233502538071,0.26542324246771876,0,0.7076142131979695,0.7065989847715736,0,0,358.69802270790694,77.92741116751269,24.91248206599713,1,"-25752/137309","-467712/686545","697/985","246262334/686545","37/197","672/985","696/985","153517/1970","-672/697","185/697","0","17364/697","1"],"plan":{"type":"Box","history":[{"corner1":[0.5,0.5,0]},{"corner2":[-0.5,-0.5,0]}]},"content":[{"type":"graph","matrix":[-0.18754779366246932,0.1878172588832487,-0.9641319942611191,0,-0.6812546883306994,0.682233502538071,0.26542324246771876,0,0.7076142131979695,0.7065989847715736,0,0,358.69802270790694,77.92741116751269,24.91248206599713,1,"-25752/137309","-467712/686545","697/985","246262334/686545","37/197","672/985","696/985","153517/1970","-672/697","185/697","0","17364/697","1"],"tags":["color:#bababa","color:#bababa"],"graph":{"isClosed":true,"isEmpty":false,"isLazy":true,"provenance":"algorithm/cgal/fromSurfaceMeshToLazyGraph","serializedSurfaceMesh":"18\n1/2 -1/2 0\n1/2 1/2 0\n1/2 -1/2 40\n1/2 1/2 40\n-1/2 -698057942242426931/1729382256910270464 530875536562966029/18014398509481984\n1/2 -1213/2688 30\n-1/2 -1/2 40\n-499899558638125413/3332663724254167040 -1/2 530875536562966029/18014398509481984\n-1/2 -1/2 271485663205468173527/8881098465174617636\n1/2 -1/2 109830821927191207253/3674937295934325212\n-499899558638125413/3332663724254167040 -1/2 549988374005953011/18014398509481984\n-1/2 -698057942242426931/1729382256910270464 549988374005953011/18014398509481984\n1/2 -1/2 110665415828868305467/3674937295934325212\n-1/2 -473/2688 30\n-1/2 -1/2 261380244705008884633/8881098465174617636\n-1/2 1/2 40\n-1/2 1/2 0\n-1/2 -1/2 0\n\n32\n3 0 17 16\n3 0 16 1\n3 2 15 6\n3 3 15 2\n3 1 3 2\n3 1 16 3\n3 12 5 2\n3 7 14 0\n3 10 12 2\n3 9 7 0\n3 1 9 0\n3 1 5 9\n3 5 12 13\n3 2 8 10\n3 10 8 11\n3 14 7 4\n3 5 1 2\n3 16 15 3\n3 16 17 15\n3 11 13 12\n3 14 17 0\n3 13 15 17\n3 4 13 17\n3 10 11 12\n3 4 7 13\n3 14 4 17\n3 5 13 7\n3 9 5 7\n3 11 8 6\n3 15 11 6\n3 13 11 15\n3 6 8 2\n","hash":"BEr6IV7SPIvMXSv/1ZHGUb9f+98yIvoCq30No/ug8C4="},"cache":{"boundingBox":[[358.26362146690957,77.49238578680126,24.29770444763239],[387.43699247682326,106.62639593908715,25.527259684361898]]},"hash":"HRwG5ZDH5y4SdG7nc6Oz/FxEQ3C9nSMioN06oUdjIjs="}],"hash":"RckvSHoftGv6tp2tckGViXoJ7Hl3gHP76T5zNOG861o="}],"hash":"4qcXPPsqxLDObmKY5ch/EW0Cg9JcpKPKI+ScFREhdP0="}],"hash":"cCEv8tcCbGxw5kFAblSqLQT1xuP/l46p1URWUwh/vGU="},{"type":"group","tags":[],"matrix":[0.7076142131979695,0.7065989847715736,0,0,-0.6812546883306994,0.682233502538071,0.26542324246771876,0,0.18754779366246932,-0.1878172588832487,0.9641319942611191,0,389.96226831453146,74.21522842639594,18.62625538020086,1,"697/985","-467712/686545","25752/137309","535453291/1373090","696/985","672/985","-37/197","73102/985","0","185/697","672/697","25965/1394","1"],"content":[{"type":"item","tags":["part:{\"BOMitemName\":\"400 Watt Solar Pannel\",\"numberNeeded\":1,\"costUSD\":312,\"source\":\"https://www.ecodirect.com/Canadian-Solar-CS1Y-400W-All-Black-Solar-Panel-p/canadian-solar-cs1y-400m5.htm\",\"totalNeeded\":1,\"radius