{"type":"group","tags":[],"content":[{"type":"group","tags":[],"content":[{"type":"graph","tags":["color:#fffcf7"],"graph":{"isClosed":true,"isEmpty":false,"isLazy":true,"provenance":"algorithm/cgal/fromSurfaceMeshToLazyGraph","serializedSurfaceMesh":"24\n300 -180 0\n300 144 0\n-36 144 0\n-36 180 0\n-300 -180 0\n-300 180 0\n300 -180 10\n300 144 10\n-36 144 10\n-36 180 10\n-300 -180 10\n-300 180 10\n-180 48 10\n-180 44 10\n-180 24 10\n-220 48 10\n-188 24 10\n-228 48 10\n-228 24 10\n-228 28 10\n-228 24 0\n-228 48 0\n-180 24 0\n-180 48 0\n\n48\n3 0 2 1\n3 5 3 2\n3 4 2 0\n3 22 2 4\n3 6 7 8\n3 11 8 9\n3 10 6 8\n3 18 11 10\n3 7 6 1\n3 0 1 6\n3 8 7 2\n3 1 2 7\n3 9 8 3\n3 2 3 8\n3 11 9 5\n3 3 5 9\n3 6 10 0\n3 4 0 10\n3 10 11 4\n3 5 4 11\n3 8 11 12\n3 15 12 11\n3 14 22 16\n3 8 12 13\n3 8 14 10\n3 8 13 14\n3 12 15 23\n3 23 22 13\n3 14 16 10\n3 12 23 13\n3 19 17 11\n3 15 11 17\n3 16 18 10\n3 15 21 23\n3 18 19 11\n3 14 13 22\n3 23 2 22\n3 5 20 4\n3 5 21 20\n3 5 2 23\n3 20 22 4\n3 21 5 23\n3 18 16 20\n3 19 20 21\n3 21 15 17\n3 22 20 16\n3 17 19 21\n3 18 20 19\n","hash":"xWUjbs0ndl/kuFjZMTv/ZgAD3iyY6D9QalvPQrxrFUc="},"matrix":[1,0,0,0,0,1,0,0,0,0,1,0,300,180,0,1,"1","0","0","300","0","1","0","180","0","0","1","0","1"],"provenance":"geometry/graph/cut","hash":"KGVr/j+wBHWRd8Hq11K04bOHP0R2sP+CH25JSWbXvpM=","cache":{"boundingBox":[[-1.7053025658242407e-13,-8.526512829121203e-14,-2e-323],[600.0000000000003,360.00000000000017,10.000000000000005]]}},{"type":"graph","tags":["color:#fffcf7"],"graph":{"isClosed":true,"isEmpty":false,"isLazy":true,"provenance":"algorithm/cgal/fromSurfaceMeshToLazyGraph","serializedSurfaceMesh":"8\n-24 12 0\n-24 -12 0\n24 -12 0\n24 12 0\n-24 12 60\n-24 -12 60\n24 -12 60\n24 12 60\n\n12\n3 1 0 2\n3 3 2 0\n3 4 5 6\n3 6 7 4\n3 4 1 5\n3 1 4 0\n3 5 2 6\n3 2 5 1\n3 6 3 7\n3 3 6 2\n3 7 0 4\n3 0 7 3\n","hash":"pdr4yhbXiyqRH/s7no5J/Zm1sEXnEbgMFuyt0atPFNk="},"matrix":[1,0,0,0,0,1,0,0,0,0,1,0,96,216,0,1,"1","0","0","96","0","1","0","216","0","0","1","0","1"],"hash":"posjstBQeLZzQrywxz1DnmjG8h+sDmf4j+a/uGtngPs=","cache":{"boundingBox":[[71.99999999999997,203.99999999999997,-2e-323],[120.00000000000003,228.00000000000003,60.00000000000002]]}},{"type":"group","tags":[],"matrix":[1,0,0,0,0,1,0,0,0,0,1,0,390,276,10,1,"1","0","0","390","0","1","0","276","0","0","1","10","1"],"content":[{"type":"graph","tags":["color:#fffcf7"],"graph":{"isClosed":true,"isEmpty":false,"isLazy":true,"provenance":"algorithm/cgal/fromSurfaceMeshToLazyGraph","serializedSurfaceMesh":"8\n-58 -49 0\n-58 -59 0\n-38 -59 0\n-38 -49 0\n-58 -49 14\n-58 -59 14\n-38 -59 14\n-38 -49 14\n\n12\n3 1 0 2\n3 3 2 0\n3 4 5 6\n3 6 7 4\n3 4 1 5\n3 1 4 0\n3 5 2 6\n3 2 5 1\n3 6 3 7\n3 3 6 2\n3 7 0 4\n3 0 7 3\n","hash":"Pyo5W6c7hId2iO7Y4TNcrPgaJwm2IH/ZkolI3euFDLc="},"matrix":[1,0,0,0,0,1,0,0,0,0,1,0,390,276,10,1,"1","0","0","390","0","1","0","276","0","0","1","10","1"],"hash":"Db4vVGUK8W8OkmQy7rQvP0+RR/WESy/wz7J3WnU4qDE=","cache":{"boundingBox":[[331.99999999999994,216.99999999999994,9.999999999999998],[352.00000000000006,227.00000000000006,24.000000000000007]]}},{"type":"graph","tags":["color:#fffcf7"],"graph":{"isClosed":true,"isEmpty":false,"isLazy":true,"provenance":"algorithm/cgal/fromSurfaceMeshToLazyGraph","serializedSurfaceMesh":"92\n-13/3 -113/2 0\n-190/39 -496/9 0\n-50/23 -117/2 0\n-17/5 -173/3 0\n190/39 -496/9 0\n13/3 -113/2 0\n17/5 -173/3 0\n50/23 -117/2 0\n3/4 -4892/83 0\n-3/4 -4892/83 0\n1315/264 -1448/27 0\n135/29 -2139/41 0\n90/23 -2697/53 0\n45/16 -1147/23 0\n25/17 -1132/23 0\n0 -49 0\n-25/17 -1132/23 0\n-45/16 -1147/23 0\n-90/23 -2697/53 0\n-135/29 -2139/41 0\n-1315/264 -1448/27 0\n-13/3 -113/2 14\n-190/39 -496/9 14\n-50/23 -117/2 14\n-17/5 -173/3 14\n190/39 -496/9 14\n13/3 -113/2 14\n17/5 -173/3 14\n50/23 -117/2 14\n3/4 -4892/83 14\n-3/4 -4892/83 14\n1315/264 -1448/27 14\n135/29 -2139/41 14\n90/23 -2697/53 14\n45/16 -1147/23 14\n25/17 -1132/23 14\n0 -49 14\n-25/17 -1132/23 14\n-45/16 -1147/23 14\n-90/23 -2697/53 14\n-135/29 -2139/41 14\n-1315/264 -1448/27 14\n329839/960572 -110595865/1921144 0\n105993/90620 -21055559/362480 0\n6471/10244 -5349769/92196 0\n45899/30732 -5270425/92196 0\n140843/90620 -20916359/362480 0\n994777/960572 -109267897/1921144 0\n103/197 -89919/1576 0\n6471/10244 -5349769/92196 4\n329839/960572 -110595865/1921144 4\n105993/90620 -21055559/362480 4\n140843/90620 -20916359/362480 4\n45899/30732 -5270425/92196 4\n994777/960572 -109267897/1921144 4\n103/197 -89919/1576 4\n119486019/81424048 -295362322/5089003 14\n69040809717/45598333808 -165239175062/2849895863 14\n439435493/368149660 -41951533447/736299320 4\n147345153/97731700 -67189366327/1172780400 4\n4565715463/2946328060 -169893597901/2946328060 4\n1075117/1114232 -9057293/159176 4\n159274807/367007060 -1512901381/26214790 4\n155713/161540 -9409331/161540 4\n1472/985 -228631/3940 4\n276991/161540 -9288227/161540 4\n1709/3940 -57157/985 4\n155887/161540 -9166949/161540 4\n5891/3940 -56113/985 4\n428/985 -224449/3940 4\n34609/161540 -9288053/161540 4\n3326372793/2946328060 -171131162461/2946328060 4\n24886341/25814092 -1498869879/25814092 4\n5383846557/6088604140 -353473295189/6088604140 4\n845251/1946360 -111542267/1946360 4\n105087119/210553600 -6013727579/105276800 4\n1472/985 -228631/3940 14\n276991/161540 -9288227/161540 14\n5891/3940 -56113/985 14\n265171/161540 -4629831/80770 14\n253269/161540 -9345323/161540 14\n155887/161540 -9166949/161540 14\n212983/161540 -9190671/161540 14\n155713/161540 -9409331/161540 14\n92139/80770 -9397511/161540 14\n63661/80770 -9178769/161540 14\n428/985 -224449/3940 14\n98617/161540 -9385609/161540 14\n1709/3940 -57157/985 14\n46429/161540 -4658309/80770 14\n34609/161540 -9288053/161540 14\n58331/161540 -9230957/161540 14\n\n184\n3 0 1 3\n3 20 9 2\n3 1 2 3\n3 47 20 10\n3 4 7 10\n3 5 6 4\n3 4 6 7\n3 10 7 8\n3 20 8 9\n3 12 11 10\n3 13 12 10\n3 17 13 20\n3 15 14 13\n3 17 15 13\n3 17 16 15\n3 20 13 10\n3 20 18 17\n3 20 19 18\n3 1 20 2\n3 21 24 22\n3 41 23 30\n3 22 24 23\n3 25 31 28\n3 26 25 27\n3 25 28 27\n3 31 57 28\n3 41 30 29\n3 33 31 32\n3 34 31 33\n3 38 41 34\n3 36 34 35\n3 38 34 36\n3 38 36 37\n3 41 31 34\n3 41 38 39\n3 41 39 40\n3 22 23 41\n3 24 21 3\n3 0 3 21\n3 21 22 0\n3 1 0 22\n3 30 23 9\n3 2 9 23\n3 23 24 2\n3 3 2 24\n3 31 25 10\n3 4 10 25\n3 25 26 4\n3 5 4 26\n3 26 27 5\n3 6 5 27\n3 27 28 6\n3 7 6 28\n3 28 29 7\n3 8 7 29\n3 29 30 8\n3 9 8 30\n3 32 31 11\n3 10 11 31\n3 33 32 12\n3 11 12 32\n3 34 33 13\n3 12 13 33\n3 35 34 14\n3 13 14 34\n3 36 35 15\n3 14 15 35\n3 37 36 16\n3 15 16 36\n3 38 37 17\n3 16 17 37\n3 39 38 18\n3 17 18 38\n3 40 39 19\n3 18 19 39\n3 41 40 20\n3 19 20 40\n3 22 41 1\n3 20 1 41\n3 8 20 42\n3 48 42 20\n3 69 74 75\n3 66 63 49\n3 8 44 43\n3 8 42 44\n3 46 45 10\n3 8 46 10\n3 8 43 46\n3 45 47 10\n3 47 48 20\n3 66 49 62\n3 57 80 64\n3 65 64 80\n3 49 73 43\n3 43 44 49\n3 50 62 44\n3 44 42 50\n3 51 52 46\n3 46 43 51\n3 52 60 45\n3 45 46 52\n3 53 58 47\n3 47 45 53\n3 54 61 48\n3 48 47 54\n3 55 75 42\n3 42 48 55\n3 74 42 75\n3 50 42 74\n3 49 44 62\n3 54 58 67\n3 65 59 60\n3 61 54 67\n3 72 63 71\n3 83 63 87\n3 58 53 68\n3 68 67 58\n3 68 53 65\n3 55 48 61\n3 88 87 66\n3 55 67 69\n3 75 55 69\n3 73 63 72\n3 64 84 56\n3 76 64 56\n3 90 70 91\n3 86 91 69\n3 66 70 89\n3 88 66 89\n3 69 85 86\n3 81 85 67\n3 77 65 80\n3 78 68 79\n3 77 79 65\n3 67 68 82\n3 67 82 81\n3 85 69 67\n3 78 82 68\n3 79 68 65\n3 54 47 58\n3 59 45 60\n3 53 45 59\n3 87 63 66\n3 76 57 64\n3 84 64 63\n3 90 89 70\n3 91 70 69\n3 61 67 55\n3 59 65 53\n3 74 69 70\n3 72 43 73\n3 71 43 72\n3 51 43 71\n3 76 28 57\n3 29 28 56\n3 56 28 76\n3 79 77 31\n3 31 77 80\n3 88 41 29\n3 31 78 79\n3 31 41 81\n3 57 31 80\n3 50 74 70\n3 82 31 81\n3 70 66 62\n3 78 31 82\n3 56 84 29\n3 70 62 50\n3 29 84 83\n3 83 84 63\n3 52 51 64\n3 81 41 85\n3 64 65 52\n3 85 41 86\n3 83 87 29\n3 89 41 88\n3 87 88 29\n3 52 65 60\n3 71 63 51\n3 90 41 89\n3 51 63 64\n3 91 41 90\n3 63 73 49\n3 86 41 91\n","hash":"H1fVgz2uw+paAewqkhjjr87+80vgvyTrkWcUj3dsJyQ="},"matrix":[1,0,0,0,0,1,0,0,0,0,1,0,390,276,10,1,"1","0","0","390","0","1","0","276","0","0","1","10","1"],"provenance":"geometry/graph/cut","cache":{"boundingBox":[[385.0189393939393,217.06024096385536,9.999999999999998],[394.9810606060607,227.00000000000006,24.000000000000007]]},"hash":"T/qik7P+OvCPoXs8sv/6ah5nY57iw9LO8oUngvPPknc="},{"type":"graph","tags":["color:#fffcf7"],"graph":{"isClosed":true,"isEmpty":false,"isLazy":true,"provenance":"algorithm/cgal/fromSurfaceMeshToLazyGraph","serializedSurfaceMesh":"38\n-11/3 -1510/77 0\n-904/227 -55/3 0\n-50/17 -642/31 0\n-40/21 -538/25 0\n-36/55 -1514/69 0\n36/55 -1514/69 0\n40/21 -538/25 0\n50/17 -642/31 0\n11/3 -1510/77 0\n904/227 -55/3 0\n31/8 -834/49 0\n124/37 -332/21 0\n27/11 -282/19 0\n48/37 -526/37 0\n0 -14 0\n-48/37 -526/37 0\n-27/11 -282/19 0\n-124/37 -332/21 0\n-31/8 -834/49 0\n-11/3 -1510/77 14\n-904/227 -55/3 14\n-50/17 -642/31 14\n-40/21 -538/25 14\n-36/55 -1514/69 14\n36/55 -1514/69 14\n40/21 -538/25 14\n50/17 -642/31 14\n11/3 -1510/77 14\n904/227 -55/3 14\n31/8 -834/49 14\n124/37 -332/21 14\n27/11 -282/19 14\n48/37 -526/37 14\n0 -14 14\n-48/37 -526/37 14\n-27/11 -282/19 14\n-124/37 -332/21 14\n-31/8 -834/49 14\n\n72\n3 1 2 0\n3 4 2 1\n3 3 2 4\n3 5 4 1\n3 6 5 7\n3 7 5 9\n3 8 7 9\n3 9 5 1\n3 10 9 1\n3 11 10 12\n3 12 10 13\n3 13 10 14\n3 14 10 18\n3 15 14 18\n3 16 15 18\n3 17 16 18\n3 18 10 1\n3 21 20 19\n3 21 23 20\n3 21 22 23\n3 23 24 20\n3 24 25 26\n3 24 26 28\n3 26 27 28\n3 24 28 20\n3 28 29 20\n3 29 30 31\n3 29 31 32\n3 29 32 33\n3 29 33 37\n3 33 34 37\n3 34 35 37\n3 35 36 37\n3 29 37 20\n3 19 2 21\n3 2 19 0\n3 20 0 19\n3 0 20 1\n3 21 3 22\n3 3 21 2\n3 22 4 23\n3 4 22 3\n3 23 5 24\n3 5 23 4\n3 24 6 25\n3 6 24 5\n3 25 7 26\n3 7 25 6\n3 26 8 27\n3 8 26 7\n3 27 9 28\n3 9 27 8\n3 28 10 29\n3 10 28 9\n3 29 11 30\n3 11 29 10\n3 30 12 31\n3 12 30 11\n3 31 13 32\n3 13 31 12\n3 32 14 33\n3 14 32 13\n3 33 15 34\n3 15 33 14\n3 34 16 35\n3 16 34 15\n3 35 17 36\n3 17 35 16\n3 36 18 37\n3 18 36 17\n3 37 1 20\n3 1 37 18\n","hash":"AreCBzn30ToqmZOT2hf6M5LkqjjB1vrW/gcvVJTJAuI="},"matrix":[1,0,0,0,0,1,0,0,0,0,1,0,390,276,10,1,"1","0","0","390","0","1","0","276","0","0","1","10","1"],"hash":"pF1tVTmzQlFQCbiPUPLAk2mAX37988idqWETYIay7r8=","cache":{"boundingBox":[[386.0176211453744,254.05797101449272,9.999999999999998],[393.9823788546256,262.00000000000006,24.000000000000007]]}},{"type":"graph","tags":["color:#fffcf7"],"graph":{"isClosed":true,"isEmpty":false,"isLazy":true,"provenance":"algorithm/cgal/fromSurfaceMeshToLazyGraph","serializedSurfaceMesh":"26\n0 2 0\n-13/14 23/13 0\n-240/121 6/25 0\n-58/31 -22/31 0\n-28/17 42/37 0\n-49/37 -154/103 0\n-12/25 -33/17 0\n12/25 -33/17 0\n49/37 -154/103 0\n58/31 -22/31 0\n240/121 6/25 0\n28/17 42/37 0\n13/14 23/13 0\n0 2 14\n-13/14 23/13 14\n-240/121 6/25 14\n-58/31 -22/31 14\n-28/17 42/37 14\n-49/37 -154/103 14\n-12/25 -33/17 14\n12/25 -33/17 14\n49/37 -154/103 14\n58/31 -22/31 14\n240/121 6/25 14\n28/17 42/37 14\n13/14 23/13 14\n\n48\n3 1 0 4\n3 5 3 2\n3 5 2 4\n3 0 5 4\n3 7 6 5\n3 0 7 5\n3 10 8 7\n3 10 9 8\n3 0 10 7\n3 0 11 10\n3 0 12 11\n3 13 14 17\n3 16 18 15\n3 15 18 17\n3 18 13 17\n3 19 20 18\n3 20 13 18\n3 21 23 20\n3 22 23 21\n3 23 13 20\n3 24 13 23\n3 25 13 24\n3 13 1 14\n3 1 13 0\n3 14 4 17\n3 4 14 1\n3 15 3 16\n3 3 15 2\n3 16 5 18\n3 5 16 3\n3 17 2 15\n3 2 17 4\n3 18 6 19\n3 6 18 5\n3 19 7 20\n3 7 19 6\n3 20 8 21\n3 8 20 7\n3 21 9 22\n3 9 21 8\n3 22 10 23\n3 10 22 9\n3 23 11 24\n3 11 23 10\n3 24 12 25\n3 12 24 11\n3 25 0 13\n3 0 25 12\n","hash":"wXbjmDRTgSLXUv6Yugl4hMkP0fvySJ+/kIS/alAxyvg="},"matrix":[1,0,0,0,0,1,0,0,0,0,1,0,390,276,10,1,"1","0","0","390","0","1","0","276","0","0","1","10","1"],"hash":"gLrPMhspiJzTtG7aqk5Y0VwM94NyUI4t6cXMMX3N5PI=","cache":{"boundingBox":[[388.01652892561975,274.0588235294117,9.999999999999998],[391.98347107438025,278.00000000000006,24.000000000000007]]}}],"hash":"sGFz1tUh0I9XxXudVqU8JgxFZESTpvor0HmCWzFdxDk="}],"hash":"Wme+FrdNuvvkYXGgjpfyMgrhd7rLHTWY7zBDKbqi2iY="},{"type":"group","tags":[],"matrix":[1,0,0,0,0,1,0,0,0,0,1,0,480,10,10,1,"1","0","0","480","0","1","0","10","0","0","1","10","1"],"content":[{"type":"group","tags":[],"matrix":[0.7076142131979695,0.7065989847715736,0,0,-0.7065989847715736,0.7076142131979695,0,0,0,0,1,0,370,10,10,1,"697/985","-696/985","0","370","696/985","697/985","0","10","0","0","1","10","1"],"content":[{"type":"group","tags":[],"matrix":[0.7076142131979695,0.7065989847715736,0,0,-0.7065989847715736,0.7076142131979695,0,0,0,0,1,0,370,10,10,1,"697/985","-696/985","0","370","696/985","697/985","0","10","0","0","1","10","1"],"content":[{"type":"group","tags":[],"matrix":[0.7076142131979695,0.7065989847715736,0,0,-0.6639185091813443,0.6648724150853405,0.3422818791946308,0,0.24185602834463257,-0.24220352263823117,0.9395973154362416,0,370,10,10,1,"697/985","-19488/29353","35496/146765","370","696/985","19516/29353","-35547/146765","10","0","51/149","140/149","10","1"],"content":[{"type":"group","tags":[],"matrix":[0.7076142131979695,0.7065989847715736,0,0,-0.6639185091813443,0.6648724150853405,0.3422818791946308,0,0.24185602834463257,-0.24220352263823117,0.9395973154362416,0,370,10,10,1,"697/985","-19488/29353","35496/146765","370","696/985","19516/29353","-35547/146765","10","0","51/149","140/149","10","1"],"content":[{"type":"item","tags":["part:{\"BOMitemName\":\"Support Rail\",\"numberNeeded\":40,\"costUSD\":0.3,\"source\":\"www.example.com\",\"totalNeeded\":1,\"radius\":0.015384615384615385}"],"matrix":[0.7076142131979695,0.7065989847715736,0,0,-0.6639185091813443,0.6648724150853405,0.3422818791946308,0,0.24185602834463257,-0.24220352263823117,0.9395973154362416,0,363.3608149081865,16.648724150853404,13.422818791946307,1,"697/985","-19488/29353","35496/146765","10665730/29353","696/985","19516/29353","-35547/146765","488690/29353","0","51/149","140/149","2000/149","1"],"content":[{"type":"graph","tags":["color:#bababa","color:#bababa"],"graph":{"isClosed":true,"isEmpty":false,"isLazy":true,"provenance":"algorithm/cgal/fromSurfaceMeshToLazyGraph","serializedSurfaceMesh":"21\n-1/2 -1/2 0\n1/2 -1/2 0\n-1/2 1/2 40\n-1/2 -1/2 40\n1/2 -1/2 40\n1/2 1/2 40\n-1/2 1/2 43658265/71816212\n-1395455471/2878227472 1/2 218291325/359778434\n-1/2 99/2240 0\n1/2 1390587527/2857333600 38079273/71433340\n1/2 1/2 38079273/71816212\n309/1424 -309/1424 0\n1/2 -717/2240 0\n-1/2 499/1008 95/156\n-1/2 8810/83751 10596415/33388732\n-1/2 99/2240 25/92\n-273749/992728 1/2 87637215/148412836\n1/2 734806/2239725 101236469/178580740\n1/2 659/5040 95/156\n1/2 -12026/83751 13481055/33388732\n1/2 -717/2240 25/92\n\n38\n3 0 8 11\n3 4 2 3\n3 2 4 5\n3 3 2 0\n3 4 3 1\n3 0 1 3\n3 4 9 5\n3 7 6 5\n3 16 7 5\n3 12 1 11\n3 8 15 11\n3 9 10 5\n3 11 20 12\n3 0 11 1\n3 2 5 6\n3 9 17 16\n3 10 9 16\n3 15 8 0\n3 2 13 0\n3 2 6 13\n3 13 14 0\n3 6 7 13\n3 14 15 0\n3 7 16 13\n3 5 10 16\n3 16 18 13\n3 14 19 15\n3 18 14 13\n3 18 19 14\n3 16 17 18\n3 4 17 9\n3 15 19 20\n3 4 18 17\n3 20 11 15\n3 4 19 18\n3 20 1 12\n3 4 20 19\n3 4 1 20\n","hash":"IX4+Vu96eLqe05xmub5CxQwtXBGG54oRWVcUCsvhsSM="},"matrix":[-0.24185602834463257,0.24220352263823117,-0.9395973154362416,0,-0.6639185091813443,0.6648724150853405,0.3422818791946308,0,0.7076142131979695,0.7065989847715736,0,0,363.2398868940142,16.769825912172518,12.953020134228186,1,"-35496/146765","-19488/29353","697/985","53310902/146765","35547/146765","19516/29353","696/985","4922447/293530","-140/149","51/149","0","1930/149","1"],"provenance":"geometry/graph/cut","hash":"GQJR8dUVl5jBcyiYMTIZnGlPAh0agYrIalYJguAzQBY=","cache":{"boundingBox":[[363.16219951470015,16.31628794331073,12.312080536912747],[391.9973426906961,45.48732327189727,13.593959731543626]]}}],"hash":"2Sn0O8N9I+O0NZV2elXIXbSXJpze+ffkHpxebgM+yeM="},{"type":"item","tags":["part:{\"BOMitemName\":\"Support Rail\",\"numberNeeded\":40,\"costUSD\":0.3,\"source\":\"www.example.com\",\"totalNeeded\":1,\"radius\":0.015384615384615385}"],"matrix":[0.7076142131979695,0.7065989847715736,0,0,-0.6639185091813443,0.6648724150853405,0.3422818791946308,0,0.24185602834463257,-0.24220352263823117,0.9395973154362416,0,331.492726467482,48.56260007494975,29.85234899328859,1,"697/985","-19488/29353","35496/146765","9730306/29353","696/985","19516/29353","-35547/146765","1425458/29353","0","51/149","140/149","4448/149","1"],"content":[{"type":"graph","tags":["color:#bababa","color:#bababa"],"graph":{"isClosed":true,"isEmpty":false,"isLazy":true,"provenance":"algorithm/cgal/fromSurfaceMeshToLazyGraph","serializedSurfaceMesh":"24\n-1/2 1/2 0\n-1/2 -1/2 0\n141/298 27/149 3/4\n1/2 1/2 0\n-1/2 1/2 40\n-1/2 -1/2 40\n1/2 -1/2 40\n1/2 1/2 40\n9/40 -1/2 0\n143939/291996 -1/2 20590/72999\n1/2 -1/2 2059/7152\n57/191 -57/191 0\n1/2 13/51 0\n7125/24436 -1938/6109 0\n141/298 27/149 0\n9/40 -1/2 29/480\n1/2 13/51 1415/1972\n1/2 13/51 87/164\n1/2 6/35 3/4\n1/2 -44758/116279 248229/465116\n1/2 20057/116279 348645/465116\n1/2 13/51 4/51\n1/2 -9027/22960 87/164\n7125/24436 -1938/6109 87/164\n\n44\n3 13 8 1\n3 14 11 0\n3 6 4 5\n3 4 6 7\n3 5 4 1\n3 0 1 4\n3 5 9 10\n3 11 23 13\n3 7 6 3\n3 17 14 21\n3 4 7 0\n3 3 0 7\n3 22 10 9\n3 5 10 6\n3 1 0 11\n3 15 23 9\n3 11 13 1\n3 23 15 13\n3 14 3 12\n3 2 16 20\n3 3 14 0\n3 23 19 22\n3 18 2 20\n3 1 9 5\n3 1 15 9\n3 1 8 15\n3 18 23 2\n3 21 12 3\n3 6 16 3\n3 2 23 17\n3 16 17 3\n3 19 23 18\n3 6 18 20\n3 22 9 23\n3 6 19 18\n3 17 16 2\n3 14 17 23\n3 16 6 20\n3 17 21 3\n3 13 15 8\n3 6 22 19\n3 6 10 22\n3 14 23 11\n3 12 21 14\n","hash":"Hck8V8jMzzLL5rmLaGv1chIqVheC3U5vOmhB4C99Pvw="},"matrix":[-0.24185602834463257,0.24220352263823117,-0.9395973154362416,0,-0.6639185091813443,0.6648724150853405,0.3422818791946308,0,0.7076142131979695,0.7065989847715736,0,0,331.3717984533097,48.68370183626886,29.382550335570468,1,"-35496/146765","-19488/29353","697/985","48633782/146765","35547/146765","19516/29353","696/985","14290127/293530","-140/149","51/149","0","4378/149","1"],"provenance":"geometry/graph/cut","hash":"L7xDFb6d4REi8b0GTncCwwYFatODtauHEJMeChZrtRU=","cache":{"boundingBox":[[330.91891118454663,48.230163867407065,28.741610738255027],[360.12925424999156,77.40119919599361,30.023489932885912]]}}],"hash":"mTZA1ANX3CB882MQq/DGJl3I3uQlbX3eDsN623pSTNA="}],"hash":"sXToAQiRkmvVqdFGm0UIawqfqFVnSacohh3wCtJ7qRg="},{"type":"item","tags":["part:{\"BOMitemName\":\"400 Watt Solar Pannel\",\"numberNeeded\":1,\"costUSD\":312,\"source\":\"https://www.ecodirect.com/Canadian-Solar-CS1Y-400W-All-Black-Solar-Panel-p/canadian-solar-cs1y-400m5.htm\",\"totalNeeded\":1,\"radius\":0.015384615384615385}"],"matrix":[0.7076142131979695,0.7065989847715736,0,0,-0.6639185091813443,0.6648724150853405,0.3422818791946308,0,0.24185602834463257,-0.24220352263823117,0.9395973154362416,0,362.2211256089667,45.387033693319246,21.1241610738255,1,"697/985","-19488/29353","35496/146765","106322767/293530","696/985","19516/29353","-35547/146765","6661228/146765","0","51/149","140/149","6295/298","1"],"content":[{"type":"group","tags":[],"matrix":[0.7076142131979695,0.7065989847715736,0,0,-0.6639185091813443,0.6648724150853405,0.3422818791946308,0,0.24185602834463257,-0.24220352263823117,0.9395973154362416,0,362.2211256089667,45.387033693319246,21.1241610738255,1,"697/985","-19488/29353","35496/146765","106322767/293530","696/985","19516/29353","-35547/146765","6661228/146765","0","51/149","140/149","6295/298","1"],"content":[{"type":"graph","tags":["color:#bababa"],"graph":{"isClosed":true,"isEmpty":false,"isLazy":true,"provenance":"algorithm/cgal/fromSurfaceMeshToLazyGraph","serializedSurfaceMesh":"40\n-39/2 65/2 0\n-39/2 -65/2 0\n39/2 -65/2 0\n39/2 65/2 0\n-39/2 65/2 3/2\n-39/2 -65/2 3/2\n39/2 -65/2 3/2\n39/2 65/2 3/2\n37/2 -185/6 3/2\n-37/2 185/6 3/2\n-37/2 185/6 0\n37/2 -185/6 0\n-37/2 31 3/2\n37/2 31 3/2\n-37/2 -31 3/2\n37/2 -31 3/2\n-37/2 31 0\n37/2 31 0\n-37/2 -31 0\n37/2 -31 0\n-39/2 -30329/1410 298/1175\n-39/2 -3229785/144376 67497/288752\n-131818263/6821872 -72594455/3410936 0\n-8231703/425600 -50301/2240 0\n-39/2 -50301/2240 0\n-39/2 -4747/224 0\n-39/2 -268705203/12445672 14082415/49782688\n-39/2 -25019249/1130016 728283/1506688\n-39/2 -13269/596 1259/2384\n-2947/156 -22181/1008 0\n-1749/92 -254571/11872 0\n-675130965/35716148 -6555019/298630 0\n-640483859/33388732 -3751175/167502 0\n-1769/92 -50301/2240 0\n-84955557/4462736 -519757/24254 0\n-39/2 -168753/7897 12785/63176\n-39/2 -3151/149 145/1192\n-2947/156 -58643/2682 685/1788\n-1749/92 -168753/7897 12785/63176\n-1769/92 -13269/596 1259/2384\n\n80\n3 10 22 25\n3 3 2 11\n3 6 15 5\n3 4 13 7\n3 22 38 36\n3 20 35 38\n3 2 6 5\n3 5 1 2\n3 3 7 6\n3 6 2 3\n3 0 4 7\n3 7 3 0\n3 13 8 7\n3 8 6 7\n3 13 4 12\n3 12 4 9\n3 8 17 15\n3 9 18 12\n3 11 15 17\n3 14 9 5\n3 9 4 5\n3 10 12 18\n3 14 5 15\n3 15 6 8\n3 13 16 17\n3 16 13 12\n3 15 11 19\n3 11 17 3\n3 17 16 3\n3 10 0 16\n3 16 0 3\n3 17 8 13\n3 14 19 18\n3 19 14 15\n3 1 23 18\n3 18 2 1\n3 18 19 2\n3 19 11 2\n3 12 10 16\n3 18 9 14\n3 21 5 28\n3 1 5 21\n3 38 37 26\n3 4 20 26\n3 30 38 34\n3 4 26 27\n3 4 28 5\n3 4 27 28\n3 37 39 27\n3 1 24 23\n3 39 32 33\n3 10 25 0\n3 29 39 37\n3 33 18 23\n3 30 37 38\n3 10 18 29\n3 10 30 34\n3 10 29 31\n3 29 37 31\n3 30 10 31\n3 26 37 27\n3 29 18 32\n3 36 38 35\n3 32 18 33\n3 10 34 22\n3 31 37 30\n3 36 4 0\n3 32 39 29\n3 36 0 25\n3 24 1 21\n3 26 20 38\n3 20 4 35\n3 28 27 39\n3 35 4 36\n3 22 36 25\n3 34 38 22\n3 39 21 28\n3 24 21 23\n3 21 39 33\n3 21 33 23\n","hash":"+8EooEJBym2o2DRg6mO1LYrCzqRu6nex5MFdLMbuIgA="},"matrix":[0.7076142131979695,0.7065989847715736,0,0,-0.6639185091813443,0.6648724150853405,0.3422818791946308,0,0.24185602834463257,-0.24220352263823117,0.9395973154362416,0,362.2211256089667,45.387033693319246,21.1241610738255,1,"697/985","-19488/29353","35496/146765","106322767/293530","696/985","19516/29353","-35547/146765","6661228/146765","0","51/149","140/149","6295/298","1"],"provenance":"geometry/graph/cut","hash":"RrXGKZuOCmzphOrhP5gwaFNiqIk+dcC+jA2yxjbSYNA=","cache":{"boundingBox":[[326.8452969032125,9.636694716042625,9.999999999999991],[397.9597383572379,80.77406738663855,33.657718120805384]]}},{"type":"graph","tags":["color:#3c3c3c"],"graph":{"isClosed":true,"isEmpty":false,"isLazy":true,"provenance":"algorithm/cgal/fromSurfaceMeshToLazyGraph","serializedSurfaceMesh":"8\n-37/2 31 0\n-37/2 -31 0\n37/2 -31 0\n37/2 31 0\n-37/2 31 3/2\n-37/2 -31 3/2\n37/2 -31 3/2\n37/2 31 3/2\n\n12\n3 1 0 2\n3 3 2 0\n3 4 5 6\n3 6 7 4\n3 4 1 5\n3 1 4 0\n3 5 2 6\n3 2 5 1\n3 6 3 7\n3 3 6 2\n3 7 0 4\n3 0 7 3\n","hash":"pxzkSSJs3udTspfCDUvepIIakEX7ruEY91f0/Pakvws="},"matrix":[0.7076142131979695,0.7065989847715736,0,0,-0.6639185091813443,0.6648724150853405,0.3422818791946308,0,0.24185602834463257,-0.24220352263823117,0.9395973154362416,0,362.2211256089667,45.387033693319246,21.1241610738255,1,"697/985","-19488/29353","35496/146765","106322767/293530","696/985","19516/29353","-35547/146765","6661228/146765","0","51/149","140/149","6295/298","1"],"hash":"ytQQ3jTgogCG5l6VJBwEfCX2nEq7yyejUhD8wrD2sgQ=","cache":{"boundingBox":[[328.5487888801825,11.34060232344221,10.513422818791938],[396.2562463802679,79.07015977923895,33.14429530201344]]}}],"hash":"55N2l0Ll5tk+3Om5P+pExe+9cMYced9/IDH3oVNbx40="}],"hash":"a/qmcErMooUuY+iu4jlzDOmFfpXek6wZQLr9TZtMBqQ="}],"hash":"hm4TYIVH8bksgFk8dfHyWuPq6vLka4CCLTFxLlA0h58="},{"type":"group","tags":[],"matrix":[0.7076142131979695,0.7065989847715736,0,0,-0.6639185091813443,0.6648724150853405,0.3422818791946308,0,0.24185602834463257,-0.24220352263823117,0.9395973154362416,0,398.3045685279188,38.263959390862944,10,1,"697/985","-19488/29353","35496/146765","78466/197","696/985","19516/29353","-35547/146765","7538/197","0","51/149","140/149","10","1"],"content":[{"type":"group","tags":[],"matrix":[0.7076142131979695,0.7065989847715736,0,0,-0.6639185091813443,0.6648724150853405,0.3422818791946308,0,0.24185602834463257,-0.24220352263823117,0.9395973154362416,0,398.3045685279188,38.263959390862944,10,1,"697/985","-19488/29353","35496/146765","78466/197","696/985","19516/29353","-35547/146765","7538/197","0","51/149","140/149","10","1"],"content":[{"type":"item","tags":["part:{\"BOMitemName\":\"Support Rail\",\"numberNeeded\":40,\"costUSD\":0.3,\"source\":\"www.example.com\",\"totalNeeded\":1,\"radius\":0.015384615384615385}"],"matrix":[0.7076142131979695,0.7065989847715736,0,0,-0.6639185091813443,0.6648724150853405,0.3422818791946308,0,0.24185602834463257,-0.24220352263823117,0.9395973154362416,0,391.6653834361053,44.91268354171635,13.422818791946307,1,"697/985","-19488/29353","35496/146765","11496554/29353","696/985","19516/29353","-35547/146765","1318322/29353","0","51/149","140/149","2000/149","1"],"content":[{"type":"graph","tags":["color:#bababa","color:#bababa"],"graph":{"isClosed":true,"isEmpty":false,"isLazy":true,"provenance":"algorithm/cgal/fromSurfaceMeshToLazyGraph","serializedSurfaceMesh":"34\n-1/2 1/2 0\n-1/2 -1/2 0\n1/2 -1/2 0\n1/2 1/2 0\n-1/2 1/2 40\n-1/2 -1/2 40\n1/2 -1/2 40\n1/2 1/2 40\n-1/2 22259799/85337312 324642275/10667164\n-1/2 21221977/88589792 327584365/11073724\n-1/2 1/2 2198144625/71816212\n-1/2 1/2 2110828095/71816212\n759030889/2878227472 1/2 10990723125/359778434\n677293351/2867069488 1/2 10554140475/358383686\n1/2 -22852215/88589792 335735555/11073724\n1/2 -20629561/85337312 316491085/10667164\n1/2 1/2 2116407087/71816212\n1/2 1/2 2192565633/71816212\n1/2 -717/2240 2785/92\n1/2 -717/2240 2468775/82432\n1/2 -717/2240 2735/92\n-1/2 8810/83751 1012258375/33388732\n-1/2 99/2240 2785/92\n-1/2 99/2240 2456855/82432\n-1/2 99/2240 2735/92\n-1/2 499/1008 4775/156\n-1/2 499/1008 4585/156\n-1/2 11558/25843 909529655/30908228\n-273749/992728 1/2 4540022295/148412836\n1/2 734806/2239725 5458658669/178580740\n1/2 659/5040 4775/156\n1/2 -12026/83751 1015143015/33388732\n1/2 659/5040 4585/156\n1/2 -3242/77529 70185715/2377556\n\n64\n3 2 1 0\n3 0 3 2\n3 6 4 5\n3 4 6 7\n3 4 8 5\n3 12 29 28\n3 6 5 2\n3 1 2 5\n3 17 29 12\n3 3 15 2\n3 11 26 13\n3 0 13 3\n3 13 32 16\n3 7 17 12\n3 14 22 31\n3 13 16 3\n3 21 31 22\n3 20 2 15\n3 6 18 14\n3 6 2 20\n3 33 27 9\n3 18 6 19\n3 15 33 24\n3 19 6 20\n3 33 9 24\n3 21 5 8\n3 20 15 24\n3 22 5 21\n3 10 28 25\n3 23 5 22\n3 28 30 25\n3 24 5 23\n3 1 24 9\n3 1 5 24\n3 30 8 25\n3 30 31 21\n3 27 33 32\n3 1 26 0\n3 4 25 8\n3 4 10 25\n3 0 26 11\n3 26 27 32\n3 1 27 26\n3 1 9 27\n3 28 7 12\n3 23 20 24\n3 4 7 28\n3 13 0 11\n3 19 23 22\n3 10 4 28\n3 18 19 22\n3 28 29 30\n3 22 14 18\n3 6 30 7\n3 7 29 17\n3 21 8 30\n3 7 30 29\n3 6 14 31\n3 23 19 20\n3 30 6 31\n3 3 32 33\n3 3 16 32\n3 3 33 15\n3 32 13 26\n","hash":"+ph/7VIph9zQ6M0MKlpmmxjhcDaYI/4U2FoRFLhQ7Pk="},"matrix":[-0.24185602834463257,0.24220352263823117,-0.9395973154362416,0,-0.6639185091813443,0.6648724150853405,0.3422818791946308,0,0.7076142131979695,0.7065989847715736,0,0,391.544455421933,45.03378530303546,12.953020134228186,1,"-35496/146765","-19488/29353","697/985","57465022/146765","35547/146765","19516/29353","696/985","13218767/293530","-140/149","51/149","0","1930/149","1"],"provenance":"geometry/graph/cut","hash":"KzbhwLKZY/FLmwxFvU1CeYsOSvpWOfskXOSzo0kNB9c=","cache":{"boundingBox":[[391.09156815316993,44.58024733417366,12.312080536912747],[420.30191121861486,73.75128266276022,13.593959731543626]]}}],"hash":"NQWgrZdcivIwf8fWQbs41938WypEgGXdtWS+EjonlyY="},{"type":"item","tags":["part:{\"BOMitemName\":\"Support Rail\",\"numberNeeded\":40,\"costUSD\":0.3,\"source\":\"www.example.com\",\"totalNeeded\":1,\"radius\":0.015384615384615385}"],"matrix":[0.7076142131979695,0.7065989847715736,0,0,-0.6639185091813443,0.6648724150853405,0.3422818791946308,0,0.24185602834463257,-0.24220352263823117,0.9395973154362416,0,359.79729499540076,76.8265594658127,29.85234899328859,1,"697/985","-19488/29353","35496/146765","10561130/29353","696/985","19516/29353","-35547/146765","2255090/29353","0","51/149","140/149","4448/149","1"],"content":[{"type":"graph","tags":["color:#bababa","color:#bababa"],"graph":{"isClosed":true,"isEmpty":false,"isLazy":true,"provenance":"algorithm/cgal/fromSurfaceMeshToLazyGraph","serializedSurfaceMesh":"32\n-1/2 1/2 0\n-1/2 -1/2 0\n1/2 -1/2 0\n1/2 1/2 0\n-1/2 1/2 40\n-1/2 -1/2 40\n1/2 -1/2 40\n1/2 1/2 40\n1/2 -184651/698080 533691/17452\n1/2 -14639/62240 45759/1556\n1/2 -1/2 212501/7152\n1/2 -1/2 216619/7152\n9/40 -1/2 14371/480\n9/40 -1/2 14429/480\n1/2 -44758/116279 14201709/465116\n1/2 -45291/114188 13463861/456752\n1/2 -9027/22960 5007/164\n1/2 -9027/22960 4833/164\n1/2 13/51 60575/1972\n1/2 13/51 5983/204\n1/2 13/51 1534/51\n1/2 20057/116279 14302125/465116\n1/2 13/51 5007/164\n1/2 6/35 123/4\n1/2 13/51 424427/14280\n1/2 19303/113321 13258749/453284\n1/2 6/35 117/4\n1/2 13/51 57745/1972\n141/298 27/149 117/4\n141/298 27/149 123/4\n7125/24436 -1938/6109 4833/164\n7125/24436 -1938/6109 5007/164\n\n60\n3 2 1 0\n3 0 3 2\n3 6 4 5\n3 4 6 7\n3 5 4 1\n3 0 1 4\n3 30 31 12\n3 1 2 5\n3 29 18 21\n3 3 9 2\n3 4 7 0\n3 3 0 7\n3 13 5 12\n3 6 5 11\n3 2 12 5\n3 2 10 12\n3 30 15 17\n3 11 5 13\n3 31 14 16\n3 19 28 27\n3 28 26 27\n3 15 10 2\n3 6 14 8\n3 28 25 26\n3 17 15 2\n3 19 24 28\n3 6 16 14\n3 6 11 16\n3 9 17 2\n3 29 21 23\n3 20 30 24\n3 23 7 6\n3 20 31 30\n3 22 7 18\n3 29 31 22\n3 27 7 19\n3 17 9 30\n3 24 7 20\n3 7 21 18\n3 12 10 30\n3 22 18 29\n3 20 7 22\n3 7 23 21\n3 6 8 23\n3 22 31 20\n3 19 7 24\n3 3 25 9\n3 24 30 28\n3 3 26 25\n3 13 12 31\n3 3 27 26\n3 3 7 27\n3 28 9 25\n3 9 28 30\n3 8 31 29\n3 8 29 23\n3 14 31 8\n3 15 30 10\n3 31 11 13\n3 11 31 16\n","hash":"CaJxjJDAn7hun/cMb4L5i34Nvc5YTNO/O7HpHC8CxmQ="},"matrix":[-0.24185602834463257,0.24220352263823117,-0.9395973154362416,0,-0.6639185091813443,0.6648724150853405,0.3422818791946308,0,0.7076142131979695,0.7065989847715736,0,0,359.67636698122845,76.9476612271318,29.382550335570468,1,"-35496/146765","-19488/29353","697/985","52787902/146765","35547/146765","19516/29353","696/985","22586447/293530","-140/149","51/149","0","4378/149","1"],"provenance":"geometry/graph/cut","hash":"srI+ttbCi9GMUtKx+nESBP7c0T3RqOU7ffv4MV3x4i8=","cache":{"boundingBox":[[359.2234797124654,76.49412325827001,28.741610738255027],[388.43382277791034,105.66515858685658,30.023489932885912]]}}],"hash":"xYfrCbEBH/YXXv/CwscNewTBDsFxM6FCA9KdDODp5y4="}],"hash":"uPHgMMux+TgJ9LTXgg4WyVYa4QGKGgy7cgADXO9k3lY="},{"type":"item","tags":["part:{\"BOMitemName\":\"400 Watt Solar Pannel\",\"numberNeeded\":1,\"costUSD\":312,\"source\":\"https://www.ecodirect.com/Canadian-Solar-CS1Y-400W-All-Black-Solar-Panel-p/canadian-solar-cs1y-400m5.htm\",\"totalNeeded\":1,\"radius\":0.015384615384615385}"],"matrix":[0.7076142131979695,0.7065989847715736,0,0,-0.6639185091813443,0.6648724150853405,0.3422818791946308,0,0.24185602834463257,-0.24220352263823117,0.9395973154362416,0,390.5256941368855,73.65099308418219,21.1241610738255,1,"697/985","-19488/29353","35496/146765","114631007/293530","696/985","19516/29353","-35547/146765","10809388/146765","0","51/149","140/149","6295/298","1"],"content":[{"type":"group","tags":[],"matrix":[0.7076142131979695,0.7065989847715736,0,0,-0.6639185091813443,0.6648724150853405,0.3422818791946308,0,0.24185602834463257,-0.24220352263823117,0.9395973154362416,0,390.5256941368855,73.65099308418219,21.1241610738255,1,"697/985","-19488/29353","35496/146765","114631007/293530","696/985","19516/29353","-35547/146765","10809388/146765","0","51/149","140/149","6295/298","1"],"content":[{"type":"graph","tags":["color:#bababa"],"graph":{"isClosed":true,"isEmpty":false,"isLazy":true,"provenance":"algorithm/cgal/fromSurfaceMeshToLazyGraph","serializedSurfaceMesh":"20\n-39/2 65/2 0\n-39/2 -65/2 0\n39/2 -65/2 0\n39/2 65/2 0\n-39/2 65/2 3/2\n-39/2 -65/2 3/2\n39/2 -65/2 3/2\n39/2 65/2 3/2\n37/2 -185/6 3/2\n-37/2 185/6 3/2\n-37/2 185/6 0\n37/2 -185/6 0\n-37/2 31 3/2\n37/2 31 3/2\n-37/2 -31 3/2\n37/2 -31 3/2\n-37/2 31 0\n37/2 31 0\n-37/2 -31 0\n37/2 -31 0\n\n40\n3 0 10 1\n3 2 11 3\n3 15 5 6\n3 13 7 4\n3 5 4 1\n3 0 1 4\n3 6 5 2\n3 1 2 5\n3 7 6 3\n3 2 3 6\n3 4 7 0\n3 3 0 7\n3 8 7 13\n3 6 7 8\n3 4 12 13\n3 4 9 12\n3 17 15 8\n3 18 12 9\n3 15 17 11\n3 9 5 14\n3 4 5 9\n3 12 18 10\n3 5 15 14\n3 6 8 15\n3 16 17 13\n3 13 12 16\n3 11 19 15\n3 17 3 11\n3 16 3 17\n3 0 16 10\n3 0 3 16\n3 8 13 17\n3 19 18 14\n3 14 15 19\n3 18 1 10\n3 2 1 18\n3 19 2 18\n3 11 2 19\n3 10 16 12\n3 9 14 18\n","hash":"JHvH96jDGAfcr/ovrcW0A6qQaXtrLoziIHcmYN2nfx0="},"matrix":[0.7076142131979695,0.7065989847715736,0,0,-0.6639185091813443,0.6648724150853405,0.3422818791946308,0,0.24185602834463257,-0.24220352263823117,0.9395973154362416,0,390.5256941368855,73.65099308418219,21.1241610738255,1,"697/985","-19488/29353","35496/146765","114631007/293530","696/985","19516/29353","-35547/146765","10809388/146765","0","51/149","140/149","6295/298","1"],"provenance":"geometry/graph/cut","hash":"7/AmhIZ8qquGN5NAXt81kbBJBx+22DtktbXJ6HLDKHE=","cache":{"boundingBox":[[355.14986543113133,37.90065410690556,9.999999999999991],[426.26430688515666,109.03802677750149,33.657718120805384]]}},{"type":"graph","tags":["color:#3c3c3c"],"graph":{"isClosed":true,"isEmpty":false,"isLazy":true,"provenance":"algorithm/cgal/fromSurfaceMeshToLazyGraph","serializedSurfaceMesh":"29\n-37/2 31 0\n-37/2 -31 0\n37/2 -31 0\n37/2 31 0\n-37/2 31 3/2\n-37/2 -31 3/2\n37/2 -31 3/2\n37/2 31 3/2\n1733/156 -22181/1008 0\n1011/92 -254571/11872 0\n396353475/35716148 -6555019/298630 0\n361178101/33388732 -3751175/167502 0\n991/92 -50301/2240 0\n21/2 -4747/224 0\n48926523/4462736 -519757/24254 0\n849431/82432 -50301/2240 0\n941/92 -50301/2240 0\n44818923/4275056 -492567/23234 0\n921/92 -254571/11872 0\n1622594939/162193148 -17473543/813678 0\n1543/156 -22181/1008 0\n306819209/30908228 -1139819/51686 0\n1733/156 -58643/2682 685/1788\n1011/92 -168753/7897 12785/63176\n991/92 -13269/596 1259/2384\n21/2 -3151/149 145/1192\n921/92 -168753/7897 12785/63176\n1543/156 -58643/2682 685/1788\n941/92 -13269/596 1259/2384\n\n54\n3 9 0 2\n3 0 3 2\n3 6 4 5\n3 4 6 7\n3 5 4 1\n3 0 1 4\n3 6 5 2\n3 1 2 5\n3 7 6 3\n3 2 3 6\n3 4 7 0\n3 3 0 7\n3 14 0 9\n3 11 8 2\n3 8 10 2\n3 18 17 26\n3 2 10 9\n3 14 23 13\n3 12 11 2\n3 10 22 9\n3 1 16 2\n3 11 24 8\n3 15 28 24\n3 17 0 13\n3 20 19 27\n3 13 0 14\n3 2 15 12\n3 21 27 28\n3 2 16 15\n3 23 26 25\n3 22 26 23\n3 18 0 17\n3 28 22 24\n3 1 0 18\n3 28 26 22\n3 1 18 19\n3 1 20 21\n3 1 19 20\n3 28 27 26\n3 16 1 21\n3 8 22 10\n3 9 22 23\n3 8 24 22\n3 24 11 12\n3 9 23 14\n3 13 23 25\n3 12 15 24\n3 28 15 16\n3 13 25 17\n3 25 26 17\n3 18 26 19\n3 26 27 19\n3 20 27 21\n3 16 21 28\n","hash":"W5edrwYFQG//9i4tCBNsc3j0QYhPOMrO4fcjkot+YB4="},"matrix":[0.7076142131979695,0.7065989847715736,0,0,-0.6639185091813443,0.6648724150853405,0.3422818791946308,0,0.24185602834463257,-0.24220352263823117,0.9395973154362416,0,390.5256941368855,73.65099308418219,21.1241610738255,1,"697/985","-19488/29353","35496/146765","114631007/293530","696/985","19516/29353","-35547/146765","10809388/146765","0","51/149","140/149","6295/298","1"],"provenance":"geometry/graph/cut","hash":"qr1Fjy7ITgoZoZRPU+TKxkWxe0fTLNakwXR73/TDbPI=","cache":{"boundingBox":[[356.8533574081013,39.60456171430515,10.513422818791938],[424.56081490818667,107.33411917010191,33.14429530201344]]}}],"hash":"gy4v68uifxfu6/LI1QsY0PM2E9PNjoEhS746o8Z+toE="}],"hash":"xOO9U74kaKYpdarixyf+cgPT+4JNSvlAY+DsvB1jURg="}],"hash":"TOA3VPrd90oPUwxqcO8EB3ojCYTEqe1dit5xjpCByss="},{"type":"group","tags":[],"matrix":[0.7076142131979695,0.7065989847715736,0,0,-0.6639185091813443,0.6648724150853405,0.3422818791946308,0,0.24185602834463257,-0.24220352263823117,0.9395973154362416,0,426.60913705583755,66.52791878172589,10,1,"697/985","-19488/29353","35496/146765","84042/197","696/985","19516/29353","-35547/146765","13106/197","0","51/149","140/149","10","1"],"content":[{"type":"group","tags":[],"matrix":[0.7076142131979695,0.7065989847715736,0,0,-0.6639185091813443,0.6648724150853405,0.3422818791946308,0,0.24185602834463257,-0.24220352263823117,0.9395973154362416,0,426.60913705583755,66.52791878172589,10,1,"697/985","-19488/29353","35496/146765","84042/197","696/985","19516/29353","-35547/146765","13106/197","0","51/149","140/149","10","1"],"content":[{"type":"item","tags":["part:{\"BOMitemName\":\"Support Rail\",\"numberNeeded\":40,\"costUSD\":0.3,\"source\":\"www.example.com\",\"totalNeeded\":1,\"radius\":0.015384615384615385}"],"matrix":[0.7076142131979695,0.7065989847715736,0,0,-0.6639185091813443,0.6648724150853405,0.3422818791946308,0,0.24185602834463257,-0.24220352263823117,0.9395973154362416,0,419.9699519640241,73.17664293257928,13.422818791946307,1,"697/985","-19488/29353","35496/146765","12327378/29353","696/985","19516/29353","-35547/146765","2147954/29353","0","51/149","140/149","2000/149","1"],"content":[{"type":"graph","tags":["color:#bababa","color:#bababa"],"graph":{"isClosed":true,"isEmpty":false,"isLazy":true,"provenance":"algorithm/cgal/fromSurfaceMeshToLazyGraph","serializedSurfaceMesh":"8\n-1/2 1/2 0\n-1/2 -1/2 0\n1/2 -1/2 0\n1/2 1/2 0\n-1/2 1/2 40\n-1/2 -1/2 40\n1/2 -1/2 40\n1/2 1/2 40\n\n12\n3 1 0 2\n3 3 2 0\n3 4 5 6\n3 6 7 4\n3 4 1 5\n3 1 4 0\n3 5 2 6\n3 2 5 1\n3 6 3 7\n3 3 6 2\n3 7 0 4\n3 0 7 3\n","hash":"1jcaxsv0/R6sWUOYpJAbCVozs8Nv46POnAlEOiByN+M="},"matrix":[-0.24185602834463257,0.24220352263823117,-0.9395973154362416,0,-0.6639185091813443,0.6648724150853405,0.3422818791946308,0,0.7076142131979695,0.7065989847715736,0,0,419.84902394985176,73.29774469389841,12.953020134228186,1,"-35496/146765","-19488/29353","697/985","61619142/146765","35547/146765","19516/29353","696/985","21515087/293530","-140/149","51/149","0","1930/149","1"],"hash":"k/Mz9U/HnRMKPosSQ6Sk9cY08391LfKXwdsTubqSY/w=","cache":{"boundingBox":[[419.3961366810887,72.84420672503661,12.312080536912747],[448.60647974653364,102.01524205362317,13.593959731543626]]}}],"hash":"7cEkAD/CoDSUcrqDTERfGd+2m9Uo4hcOs4/x5t4gckk="},{"type":"item","tags":["part:{\"BOMitemName\":\"Support Rail\",\"numberNeeded\":40,\"costUSD\":0.3,\"source\":\"www.example.com\",\"totalNeeded\":1,\"radius\":0.015384615384615385}"],"matrix":[0.7076142131979695,0.7065989847715736,0,0,-0.6639185091813443,0.6648724150853405,0.3422818791946308,0,0.24185602834463257,-0.24220352263823117,0.9395973154362416,0,388.10186352331954,105.09051885667563,29.85234899328859,1,"697/985","-19488/29353","35496/146765","11391954/29353","696/985","19516/29353","-35547/146765","3084722/29353","0","51/149","140/149","4448/149","1"],"content":[{"type":"graph","tags":["color:#bababa","color:#bababa"],"graph":{"isClosed":true,"isEmpty":false,"isLazy":true,"provenance":"algorithm/cgal/fromSurfaceMeshToLazyGraph","serializedSurfaceMesh":"8\n-1/2 1/2 0\n-1/2 -1/2 0\n1/2 -1/2 0\n1/2 1/2 0\n-1/2 1/2 40\n-1/2 -1/2 40\n1/2 -1/2 40\n1/2 1/2 40\n\n12\n3 1 0 2\n3 3 2 0\n3 4 5 6\n3 6 7 4\n3 4 1 5\n3 1 4 0\n3 5 2 6\n3 2 5 1\n3 6 3 7\n3 3 6 2\n3 7 0 4\n3 0 7 3\n","hash":"1jcaxsv0/R6sWUOYpJAbCVozs8Nv46POnAlEOiByN+M="},"matrix":[-0.24185602834463257,0.24220352263823117,-0.9395973154362416,0,-0.6639185091813443,0.6648724150853405,0.3422818791946308,0,0.7076142131979695,0.7065989847715736,0,0,387.98093550914723,105.21162061799474,29.382550335570468,1,"-35496/146765","-19488/29353","697/985","56942022/146765","35547/146765","19516/29353","696/985","30882767/293530","-140/149","51/149","0","4378/149","1"],"hash":"yKF4SPxLZtc8MgEF1GYyiX3+IyMOfm65k0XLKHbDrmk=","cache":{"boundingBox":[[387.5280482403842,104.75808264913294,28.741610738255027],[416.7383913058291,133.92911797771953,30.023489932885912]]}}],"hash":"dZ2/LHm83z32jiRWYEsoRW3myBBk64hbmKy0ZFdCAjc="}],"hash":"qS5mNLgUvscDnDRyN3Hz/gF2MVCbGs6oLn3TD8kZKE0="},{"type":"item","tags":["part:{\"BOMitemName\":\"400 Watt Solar Pannel\",\"numberNeeded\":1,\"costUSD\":312,\"source\":\"https://www.ecodirect.com/Canadian-Solar-CS1Y-400W-All-Black-Solar-Panel-p/canadian-solar-cs1y-400m5.htm\",\"totalNeeded\":1,\"radius\":0.015384615384615385}"],"matrix":[0.7076142131979695,0.7065989847715736,0,0,-0.6639185091813443,0.6648724150853405,0.3422818791946308,0,0.24185602834463257,-0.24220352263823117,0.9395973154362416,0,418.83026266480425,101.91495247504513,21.1241610738255,1,"697/985","-19488/29353","35496/146765","122939247/293530","696/985","19516/29353","-35547/146765","14957548/146765","0","51/149","140/149","6295/298","1"],"content":[{"type":"group","tags":[],"matrix":[0.7076142131979695,0.7065989847715736,0,0,-0.6639185091813443,0.6648724150853405,0.3422818791946308,0,0.24185602834463257,-0.24220352263