{"type":"group","tags":[],"content":[{"type":"group","tags":[],"content":[{"type":"plan","tags":["color:#fffcf7"],"matrix":[1,0,0,0,0,1,0,0,0,0,1,0,300,180,0,1,"1","0","0","300","0","1","0","180","0","0","1","0","1"],"plan":{"type":"Box","history":[{"corner1":[300,180,0]},{"corner2":[-300,-180,0]}]},"content":[{"type":"graph","matrix":[1,0,0,0,0,1,0,0,0,0,1,0,300,180,0,1,"1","0","0","300","0","1","0","180","0","0","1","0","1"],"tags":["color:#fffcf7"],"graph":{"isClosed":true,"isEmpty":false,"isLazy":true,"provenance":"algorithm/cgal/fromSurfaceMeshToLazyGraph","serializedSurfaceMesh":"20\n300 -180 0\n300 144 0\n-36 144 0\n-36 180 0\n-300 -180 0\n-300 180 0\n-36 180 10\n300 -180 10\n-300 180 10\n-180 48 10\n-228 24 10\n-228 48 0\n-180 24 0\n-180 48 0\n-228 48 10\n300 144 10\n-228 24 0\n-36 144 10\n-300 -180 10\n-180 24 10\n\n40\n3 1 0 2\n3 2 5 3\n3 0 4 2\n3 4 12 2\n3 6 8 17\n3 8 18 10\n3 1 15 7\n3 7 0 1\n3 2 17 15\n3 15 1 2\n3 3 6 17\n3 17 2 3\n3 5 8 6\n3 6 3 5\n3 0 7 18\n3 18 4 0\n3 4 18 8\n3 8 5 4\n3 9 17 8\n3 9 19 17\n3 12 19 13\n3 10 18 19\n3 10 14 8\n3 13 14 11\n3 12 13 2\n3 4 5 16\n3 16 5 11\n3 13 5 2\n3 4 16 12\n3 13 11 5\n3 16 10 12\n3 7 15 18\n3 10 16 14\n3 11 14 16\n3 19 12 10\n3 9 13 19\n3 9 8 14\n3 9 14 13\n3 17 18 15\n3 19 18 17\n","hash":"n/wqJxasi4z9qDVLl5oHPMxL848gkLVzLeg+ipdTf10="},"cache":{"boundingBox":[[-4.547473508864642e-13,-2.842170943040401e-13,-7.895e-321],[600.000000000001,360.0000000000006,10.000000000000014]]},"hash":"OZDdXCpQ4H20MK7jq9wezF3EC5d/yeuup3hUvJMgxrQ="}],"hash":"5aqOcXx9D65C0LK0HOp4YsSlhKezZdmIuWpIn+3YP7M="},{"type":"plan","tags":["color:#fffcf7"],"matrix":[1,0,0,0,0,1,0,0,0,0,1,0,96,216,0,1,"1","0","0","96","0","1","0","216","0","0","1","0","1"],"plan":{"type":"Box","history":[{"corner1":[24,12,0]},{"corner2":[-24,-12,0]}]},"content":[{"type":"graph","matrix":[1,0,0,0,0,1,0,0,0,0,1,0,96,216,0,1,"1","0","0","96","0","1","0","216","0","0","1","0","1"],"tags":["color:#fffcf7"],"graph":{"isClosed":true,"isEmpty":false,"isLazy":true,"provenance":"algorithm/cgal/fromSurfaceMeshToLazyGraph","serializedSurfaceMesh":"8\n-24 12 0\n-24 -12 0\n24 -12 0\n24 12 0\n-24 12 60\n-24 -12 60\n24 -12 60\n24 12 60\n\n12\n3 0 2 1\n3 2 0 3\n3 5 6 4\n3 7 4 6\n3 1 5 4\n3 4 0 1\n3 2 6 5\n3 5 1 2\n3 3 7 6\n3 6 2 3\n3 0 4 7\n3 7 3 0\n","hash":"n3UVjgjpp1+sD13gz800Ub5v6ow/znQD+KHYKLr5iSw="},"cache":{"boundingBox":[[71.99999999999984,203.99999999999966,-4.397e-321],[120.00000000000018,228.00000000000037,60.00000000000007]]},"hash":"75N6/t9rVG81YWeGlqHQtQ6ZYUTap6B22AU+xcuZlRw="}],"hash":"1Gwl4IjFoaRvNhmLGfuP8Pnh55lUBFT/iGzbCRHTAHI="},{"type":"group","tags":[],"matrix":[1,0,0,0,0,1,0,0,0,0,1,0,390,276,10,1,"1","0","0","390","0","1","0","276","0","0","1","10","1"],"content":[{"type":"plan","tags":["color:#fffcf7"],"matrix":[1,0,0,0,0,1,0,0,0,0,1,0,342,222,10,1,"1","0","0","342","0","1","0","222","0","0","1","10","1"],"plan":{"type":"Box","history":[{"corner1":[10,5,0]},{"corner2":[-10,-5,0]}]},"content":[{"type":"graph","matrix":[1,0,0,0,0,1,0,0,0,0,1,0,390,276,10,1,"1","0","0","390","0","1","0","276","0","0","1","10","1"],"tags":["color:#fffcf7"],"graph":{"isClosed":true,"isEmpty":false,"isLazy":true,"provenance":"algorithm/cgal/fromSurfaceMeshToLazyGraph","serializedSurfaceMesh":"8\n-58 -49 0\n-58 -59 0\n-38 -59 0\n-38 -49 0\n-58 -49 14\n-58 -59 14\n-38 -59 14\n-38 -49 14\n\n12\n3 0 2 1\n3 3 2 0\n3 5 6 4\n3 4 6 7\n3 1 5 4\n3 4 0 1\n3 2 6 5\n3 5 1 2\n3 3 7 6\n3 6 2 3\n3 0 4 7\n3 7 3 0\n","hash":"h2vFCvuKr8f6uWw4tJfvqyJm6CNCGUdYfVDeBntP2R4="},"cache":{"boundingBox":[[331.9999999999994,216.99999999999952,9.999999999999984],[352.0000000000006,227.00000000000048,24.000000000000032]]},"hash":"vUDOlwJlGo76sg8NAdZFsTK9YwB7oyMjJAKb731voqg="}],"hash":"WCAzIaLF+pKAmBtdp3dGBix+DiCPxWB2c7rV8nbpk2c="},{"type":"plan","tags":["color:#fffcf7"],"matrix":[1,0,0,0,0,1,0,0,0,0,1,0,390,222,10,1,"1","0","0","390","0","1","0","222","0","0","1","10","1"],"plan":{"type":"Arc","history":[{"corner1":[5,5,0]},{"corner2":[-5,-5,0]},{"sides":21}]},"content":[{"type":"graph","matrix":[1,0,0,0,0,1,0,0,0,0,1,0,390,276,10,1,"1","0","0","390","0","1","0","276","0","0","1","10","1"],"tags":["color:#fffcf7"],"graph":{"isClosed":true,"isEmpty":false,"isLazy":true,"provenance":"algorithm/cgal/fromSurfaceMeshToLazyGraph","serializedSurfaceMesh":"72\n1402043918085275/281474976710656 -483052760032035423/9007199254740992 0\n41930065496208065/9007199254740992 -469912175753438583/9007199254740992 0\n45/16 -224592555330172129/4503599627370496 0\n13245881256972045/9007199254740992 -443310850276817523/9007199254740992 0\n2202847643822525/562949953421312 -458347479057291613/9007199254740992 0\n0 -49 0\n-13245881256972045/9007199254740992 -443310850276817523/9007199254740992 0\n-2202847643822525/562949953421312 -458347479057291613/9007199254740992 0\n-41930065496208065/9007199254740992 -469912175753438583/9007199254740992 0\n-45/16 -224592555330172129/4503599627370496 0\n-15312238733059685/4503599627370496 -519415157023397203/9007199254740992 0\n-43881227138481755/9007199254740992 -496396758927948003/9007199254740992 0\n-39031196770544295/9007199254740992 -113/2 0\n-1402043918085275/281474976710656 -483052760032035423/9007199254740992 0\n-39161735890178225/18014398509481984 -131730289100587007/2251799813685248 0\n-27021597764222975/36028797018963968 -530882153664975093/9007199254740992 0\n27021597764222975/36028797018963968 -530882153664975093/9007199254740992 0\n39161735890178225/18014398509481984 -131730289100587007/2251799813685248 0\n15312238733059685/4503599627370496 -519415157023397203/9007199254740992 0\n39031196770544295/9007199254740992 -113/2 0\n43881227138481755/9007199254740992 -496396758927948003/9007199254740992 0\n1402043918085275/281474976710656 -483052760032035423/9007199254740992 14\n41930065496208065/9007199254740992 -469912175753438583/9007199254740992 14\n45/16 -224592555330172129/4503599627370496 14\n13245881256972045/9007199254740992 -443310850276817523/9007199254740992 14\n2202847643822525/562949953421312 -458347479057291613/9007199254740992 14\n0 -49 14\n-13245881256972045/9007199254740992 -443310850276817523/9007199254740992 14\n-2202847643822525/562949953421312 -458347479057291613/9007199254740992 14\n-41930065496208065/9007199254740992 -469912175753438583/9007199254740992 14\n-45/16 -224592555330172129/4503599627370496 14\n-15312238733059685/4503599627370496 -519415157023397203/9007199254740992 14\n-43881227138481755/9007199254740992 -496396758927948003/9007199254740992 14\n-39031196770544295/9007199254740992 -113/2 14\n-1402043918085275/281474976710656 -483052760032035423/9007199254740992 14\n-39161735890178225/18014398509481984 -131730289100587007/2251799813685248 14\n-27021597764222975/36028797018963968 -530882153664975093/9007199254740992 14\n27021597764222975/36028797018963968 -530882153664975093/9007199254740992 14\n39161735890178225/18014398509481984 -131730289100587007/2251799813685248 14\n15312238733059685/4503599627370496 -519415157023397203/9007199254740992 14\n39031196770544295/9007199254740992 -113/2 14\n43881227138481755/9007199254740992 -496396758927948003/9007199254740992 14\n8967013288835224545/14195346025471803392 -823699749569854051607/14195346025471803392 0\n609295651145306493/1774418253183975424 -817193595410529418225/14195346025471803392 0\n103/197 -89919/1576 0\n21201099415043937839/14195346025471803392 -811483215934500731015/14195346025471803392 0\n44125250943842973909/28390692050943606784 -6399382241735565237/110901140823998464 0\n33206958977661284779/28390692050943606784 -103071530072258144907/1774418253183975424 0\n1837603497340746433/1774418253183975424 -807381230865886362865/14195346025471803392 0\n103/197 -89919/1576 4\n44125250943842973909/28390692050943606784 -6399382241735565237/110901140823998464 4\n609295651145306493/1774418253183975424 -817193595410529418225/14195346025471803392 4\n21201099415043937839/14195346025471803392 -811483215934500731015/14195346025471803392 4\n1837603497340746433/1774418253183975424 -807381230865886362865/14195346025471803392 4\n8967013288835224545/14195346025471803392 -823699749569854051607/14195346025471803392 4\n33206958977661284779/28390692050943606784 -103071530072258144907/1774418253183975424 4\n17104122165286391309/17744182531839754240 -1033557550863552596803/17744182531839754240 14\n30425769863048317763/17744182531839754240 -1020255016003233657331/17744182531839754240 14\n5891/3940 -56113/985 4\n17123235002729378291/17744182531839754240 -1006933368305471730877/17744182531839754240 4\n428/985 -224449/3940 4\n1472/985 -228631/3940 14\n5891/3940 -56113/985 14\n3801587304967451837/17744182531839754240 -1020235903165790670349/17744182531839754240 14\n17123235002729378291/17744182531839754240 -1006933368305471730877/17744182531839754240 14\n428/985 -224449/3940 14\n1709/3940 -57157/985 14\n30425769863048317763/17744182531839754240 -1020255016003233657331/17744182531839754240 4\n17104122165286391309/17744182531839754240 -1033557550863552596803/17744182531839754240 4\n1472/985 -228631/3940 4\n1709/3940 -57157/985 4\n3801587304967451837/17744182531839754240 -1020235903165790670349/17744182531839754240 4\n\n144\n3 0 4 1\n3 3 2 5\n3 2 4 0\n3 5 2 9\n3 6 5 9\n3 9 2 13\n3 7 13 8\n3 7 9 13\n3 13 2 0\n3 11 14 10\n3 12 11 10\n3 11 13 14\n3 14 13 15\n3 15 13 16\n3 46 0 16\n3 17 16 0\n3 18 17 20\n3 19 18 20\n3 20 17 0\n3 22 25 21\n3 26 23 24\n3 21 25 23\n3 30 23 26\n3 30 26 27\n3 34 23 30\n3 29 34 28\n3 34 30 28\n3 21 23 34\n3 31 35 32\n3 31 32 33\n3 35 34 32\n3 36 34 35\n3 37 34 36\n3 50 55 69\n3 21 57 38\n3 41 38 39\n3 41 39 40\n3 21 38 41\n3 1 22 21\n3 21 0 1\n3 4 25 22\n3 22 1 4\n3 3 24 23\n3 23 2 3\n3 5 26 24\n3 24 3 5\n3 2 23 25\n3 25 4 2\n3 6 27 26\n3 26 5 6\n3 9 30 27\n3 27 6 9\n3 8 29 28\n3 28 7 8\n3 13 34 29\n3 29 8 13\n3 7 28 30\n3 30 9 7\n3 14 35 31\n3 31 10 14\n3 12 33 32\n3 32 11 12\n3 10 31 33\n3 33 12 10\n3 11 32 34\n3 34 13 11\n3 15 36 35\n3 35 14 15\n3 16 37 36\n3 36 15 16\n3 17 38 37\n3 37 16 17\n3 18 39 38\n3 38 17 18\n3 19 40 39\n3 39 18 19\n3 20 41 40\n3 40 19 20\n3 0 21 41\n3 41 20 0\n3 54 55 47\n3 13 43 16\n3 16 43 42\n3 48 0 45\n3 13 44 43\n3 13 0 48\n3 50 45 46\n3 47 46 16\n3 45 0 46\n3 42 47 16\n3 43 51 42\n3 44 13 48\n3 43 44 49\n3 49 51 43\n3 42 54 47\n3 47 55 46\n3 48 45 52\n3 48 53 44\n3 51 54 42\n3 63 66 70\n3 52 53 48\n3 53 49 44\n3 50 52 45\n3 66 56 68\n3 62 64 58\n3 59 65 60\n3 50 46 55\n3 67 62 58\n3 64 65 59\n3 58 64 59\n3 57 62 67\n3 61 57 69\n3 60 63 71\n3 53 58 59\n3 55 70 68\n3 51 60 71\n3 61 38 57\n3 38 56 37\n3 50 69 67\n3 56 38 61\n3 62 57 21\n3 67 58 52\n3 66 34 37\n3 34 64 21\n3 67 52 50\n3 66 63 34\n3 53 52 58\n3 64 62 21\n3 69 57 67\n3 49 53 59\n3 64 34 65\n3 59 60 49\n3 56 66 37\n3 65 63 60\n3 70 71 63\n3 63 65 34\n3 68 56 69\n3 69 55 68\n3 61 69 56\n3 55 54 70\n3 51 49 60\n3 68 70 66\n3 71 70 54\n3 54 51 71\n","hash":"FZMNXbTi/hZ8+RVCHh9W1fJacX/OiNpYoIaOJaDYUec="},"cache":{"boundingBox":[[385.01893939393875,217.06024096385494,9.999999999999984],[394.98106060606125,227.00000000000048,24.000000000000032]]},"hash":"qfOWHNZYdKH8e1xIYK+ovggFI7meLWD10bH13NAyaF4="}],"hash":"R8lIdNm/yd4UQjBnEJidkeNqsUSHr95mUAab2MJyj1M="},{"type":"plan","tags":["color:#fffcf7"],"matrix":[1,0,0,0,0,1,0,0,0,0,1,0,390,258,10,1,"1","0","0","390","0","1","0","258","0","0","1","10","1"],"plan":{"type":"Arc","history":[{"corner1":[4,4,0]},{"corner2":[-4,-4,0]},{"sides":19}]},"content":[{"type":"graph","matrix":[1,0,0,0,0,1,0,0,0,0,1,0,390,276,10,1,"1","0","0","390","0","1","0","276","0","0","1","10","1"],"tags":["color:#fffcf7"],"graph":{"isClosed":true,"isEmpty":false,"isLazy":true,"provenance":"algorithm/cgal/fromSurfaceMeshToLazyGraph","serializedSurfaceMesh":"38\n-8256599316845909/2251799813685248 -88317343341940895/4503599627370496 0\n-4483759981434943/1125899906842624 -330263972673836373/18014398509481984 0\n-6622940628486023/2251799813685248 -46634047754384813/2251799813685248 0\n-4289142502257615/2251799813685248 -6057341498813317/281474976710656 0\n-2947810665187961/4503599627370496 -6176132097680191/281474976710656 0\n2947810665187961/4503599627370496 -6176132097680191/281474976710656 0\n4289142502257615/2251799813685248 -6057341498813317/281474976710656 0\n6622940628486023/2251799813685248 -46634047754384813/2251799813685248 0\n8256599316845909/2251799813685248 -88317343341940895/4503599627370496 0\n4483759981434943/1125899906842624 -330263972673836373/18014398509481984 0\n-31/8 -76653103861775381/4503599627370496 0\n31/8 -76653103861775381/4503599627370496 0\n7546572348566777/2251799813685248 -35599882768738207/2251799813685248 0\n2763572498613713/1125899906842624 -33421449866275787/2251799813685248 0\n5842507624696859/4503599627370496 -32012073026984877/2251799813685248 0\n0 -14 0\n-5842507624696859/4503599627370496 -32012073026984877/2251799813685248 0\n-2763572498613713/1125899906842624 -33421449866275787/2251799813685248 0\n-7546572348566777/2251799813685248 -35599882768738207/2251799813685248 0\n-8256599316845909/2251799813685248 -88317343341940895/4503599627370496 14\n-4483759981434943/1125899906842624 -330263972673836373/18014398509481984 14\n-6622940628486023/2251799813685248 -46634047754384813/2251799813685248 14\n-4289142502257615/2251799813685248 -6057341498813317/281474976710656 14\n-2947810665187961/4503599627370496 -6176132097680191/281474976710656 14\n2947810665187961/4503599627370496 -6176132097680191/281474976710656 14\n4289142502257615/2251799813685248 -6057341498813317/281474976710656 14\n6622940628486023/2251799813685248 -46634047754384813/2251799813685248 14\n8256599316845909/2251799813685248 -88317343341940895/4503599627370496 14\n4483759981434943/1125899906842624 -330263972673836373/18014398509481984 14\n-31/8 -76653103861775381/4503599627370496 14\n31/8 -76653103861775381/4503599627370496 14\n7546572348566777/2251799813685248 -35599882768738207/2251799813685248 14\n2763572498613713/1125899906842624 -33421449866275787/2251799813685248 14\n5842507624696859/4503599627370496 -32012073026984877/2251799813685248 14\n0 -14 14\n-5842507624696859/4503599627370496 -32012073026984877/2251799813685248 14\n-2763572498613713/1125899906842624 -33421449866275787/2251799813685248 14\n-7546572348566777/2251799813685248 -35599882768738207/2251799813685248 14\n\n72\n3 2 0 1\n3 3 2 4\n3 2 1 4\n3 4 1 5\n3 5 1 9\n3 6 5 7\n3 7 5 9\n3 8 7 9\n3 9 1 11\n3 11 1 10\n3 12 11 13\n3 13 11 14\n3 14 11 15\n3 15 11 10\n3 16 15 10\n3 17 16 10\n3 18 17 10\n3 20 19 21\n3 23 21 22\n3 23 20 21\n3 24 20 23\n3 28 20 24\n3 26 24 25\n3 28 24 26\n3 28 26 27\n3 30 20 28\n3 29 20 30\n3 32 30 31\n3 33 30 32\n3 34 30 33\n3 29 30 34\n3 29 34 35\n3 29 35 36\n3 29 36 37\n3 2 21 19\n3 19 0 2\n3 0 19 20\n3 20 1 0\n3 3 22 21\n3 21 2 3\n3 4 23 22\n3 22 3 4\n3 5 24 23\n3 23 4 5\n3 6 25 24\n3 24 5 6\n3 7 26 25\n3 25 6 7\n3 8 27 26\n3 26 7 8\n3 9 28 27\n3 27 8 9\n3 11 30 28\n3 28 9 11\n3 1 20 29\n3 29 10 1\n3 12 31 30\n3 30 11 12\n3 13 32 31\n3 31 12 13\n3 14 33 32\n3 32 13 14\n3 15 34 33\n3 33 14 15\n3 16 35 34\n3 34 15 16\n3 17 36 35\n3 35 16 17\n3 18 37 36\n3 36 17 18\n3 10 29 37\n3 37 18 10\n","hash":"37Uc/X2TwgCo4MMAm2fLbACMVafQtcsenhWraIaIgTU="},"cache":{"boundingBox":[[386.0176211453738,254.05797101449227,9.999999999999984],[393.9823788546262,262.00000000000057,24.000000000000032]]},"hash":"i/RG0faxuQtGhNCQwTsv63Nh4ZHAv2Wfj/4m0BJ/h4E="}],"hash":"oVf7OZnIzPYv1bFHpIgQ6SVROP12HEXCeKlWX15i40g="},{"type":"plan","tags":["color:#fffcf7"],"matrix":[1,0,0,0,0,1,0,0,0,0,1,0,390,276,10,1,"1","0","0","390","0","1","0","276","0","0","1","10","1"],"plan":{"type":"Arc","history":[{"corner1":[2,2,0]},{"corner2":[-2,-2,0]},{"sides":13}]},"content":[{"type":"graph","matrix":[1,0,0,0,0,1,0,0,0,0,1,0,390,276,10,1,"1","0","0","390","0","1","0","276","0","0","1","10","1"],"tags":["color:#fffcf7"],"graph":{"isClosed":true,"isEmpty":false,"isLazy":true,"provenance":"algorithm/cgal/fromSurfaceMeshToLazyGraph","serializedSurfaceMesh":"26\n8932759591478669/4503599627370496 1080863910568919/4503599627370496 0\n3708846751952173/2251799813685248 639024271451219/562949953421312 0\n8363827879402349/9007199254740992 1991976758260027/1125899906842624 0\n0 2 0\n-8363827879402349/9007199254740992 1991976758260027/1125899906842624 0\n-3708846751952173/2251799813685248 639024271451219/562949953421312 0\n-8932759591478669/4503599627370496 1080863910568919/4503599627370496 0\n-8426089625402863/4503599627370496 -6392205922719413/9007199254740992 0\n-2982113266772355/2251799813685248 -3366768653471147/2251799813685248 0\n-1080863910568919/2251799813685248 -8742281629601551/4503599627370496 0\n1080863910568919/2251799813685248 -8742281629601551/4503599627370496 0\n2982113266772355/2251799813685248 -3366768653471147/2251799813685248 0\n8426089625402863/4503599627370496 -6392205922719413/9007199254740992 0\n8932759591478669/4503599627370496 1080863910568919/4503599627370496 14\n3708846751952173/2251799813685248 639024271451219/562949953421312 14\n8363827879402349/9007199254740992 1991976758260027/1125899906842624 14\n0 2 14\n-8363827879402349/9007199254740992 1991976758260027/1125899906842624 14\n-3708846751952173/2251799813685248 639024271451219/562949953421312 14\n-8932759591478669/4503599627370496 1080863910568919/4503599627370496 14\n-8426089625402863/4503599627370496 -6392205922719413/9007199254740992 14\n-2982113266772355/2251799813685248 -3366768653471147/2251799813685248 14\n-1080863910568919/2251799813685248 -8742281629601551/4503599627370496 14\n1080863910568919/2251799813685248 -8742281629601551/4503599627370496 14\n2982113266772355/2251799813685248 -3366768653471147/2251799813685248 14\n8426089625402863/4503599627370496 -6392205922719413/9007199254740992 14\n\n48\n3 0 2 1\n3 4 8 6\n3 3 2 4\n3 5 4 6\n3 4 2 8\n3 7 6 8\n3 8 2 11\n3 9 8 10\n3 10 8 11\n3 11 2 0\n3 12 11 0\n3 14 15 13\n3 19 21 17\n3 17 15 16\n3 19 17 18\n3 21 15 17\n3 21 19 20\n3 24 15 21\n3 23 21 22\n3 24 21 23\n3 13 15 24\n3 13 24 25\n3 1 14 13\n3 13 0 1\n3 2 15 14\n3 14 1 2\n3 3 16 15\n3 15 2 3\n3 4 17 16\n3 16 3 4\n3 5 18 17\n3 17 4 5\n3 6 19 18\n3 18 5 6\n3 7 20 19\n3 19 6 7\n3 8 21 20\n3 20 7 8\n3 9 22 21\n3 21 8 9\n3 10 23 22\n3 22 9 10\n3 11 24 23\n3 23 10 11\n3 12 25 24\n3 24 11 12\n3 0 13 25\n3 25 12 0\n","hash":"ziq5ihbLAmyVFWaSLzaPUKgohIe39OmWDsF7yETD0Vw="},"cache":{"boundingBox":[[388.0165289256192,274.05882352941114,9.999999999999984],[391.9834710743808,278.00000000000057,24.000000000000032]]},"hash":"JOeF35OgiNnh6wOe2cSITcRs+z5fpK65WYf9FwRqa64="}],"hash":"eWZ34pdCGFCiHVcrShMwGJKwi755Sl5al4vfITjLnA0="}],"hash":"aMc1M4DH0Pkxl4rUD+FMg7p14wNr6GogXEAnhZCpxAU="}],"hash":"0lLrE7W5KcLmNf+c8owE6VXNRwggKzSpz8KqTvLWZfg="},{"type":"group","tags":[],"matrix":[1,0,0,0,0,1,0,0,0,0,1,0,480,10,10,1,"1","0","0","480","0","1","0","10","0","0","1","10","1"],"content":[{"type":"group","tags":[],"matrix":[0.7076142131979695,0.7065989847715736,0,0,-0.7065989847715736,0.7076142131979695,0,0,0,0,1,0,370,10,10,1,"697/985","-696/985","0","370","696/985","697/985","0","10","0","0","1","10","1"],"content":[{"type":"group","tags":[],"matrix":[0.7076142131979695,0.7065989847715736,0,0,-0.7065989847715736,0.7076142131979695,0,0,0,0,1,0,370,10,10,1,"697/985","-696/985","0","370","696/985","697/985","0","10","0","0","1","10","1"],"content":[{"type":"group","tags":[],"matrix":[0.7076142131979695,0.7065989847715736,0,0,-0.6722238990259294,0.6731897379613115,0.30810810810810807,0,0.21770887638907943,-0.21802167649883383,0.9513513513513513,0,370,10,10,1,"697/985","-122496/182225","39672/182225","370","696/985","122672/182225","-39729/182225","10","0","57/185","176/185","10","1"],"content":[{"type":"group","tags":[],"matrix":[0.7076142131979695,0.7065989847715736,0,0,-0.6722238990259294,0.6731897379613115,0.30810810810810807,0,0.21770887638907943,-0.21802167649883383,0.9513513513513513,0,370,10,10,1,"697/985","-122496/182225","39672/182225","370","696/985","122672/182225","-39729/182225","10","0","57/185","176/185","10","1"],"content":[{"type":"item","tags":["part:{\"BOMitemName\":\"Support Rail\",\"numberNeeded\":2,\"costUSD\":3.6,\"source\":\"www.example.com\",\"totalNeeded\":1,\"radius\":0.015384615384615385}"],"matrix":[0.7076142131979695,0.7065989847715736,0,0,-0.6722238990259294,0.6731897379613115,0.30810810810810807,0,0.21770887638907943,-0.21802167649883383,0.9513513513513513,0,363.2777610097407,16.731897379613113,13.08108108108108,1,"697/985","-122496/182225","39672/182225","13239658/36445","696/985","122672/182225","-39729/182225","609794/36445","0","57/185","176/185","484/37","1"],"content":[{"type":"plan","tags":["color:#bababa"],"matrix":[-0.21770887638907943,0.21802167649883383,-0.9513513513513513,0,-0.6722238990259294,0.6731897379613115,0.30810810810810807,0,0.7076142131979695,0.7065989847715736,0,0,363.16890657154613,16.84090821786253,12.605405405405405,1,"-39672/182225","-122496/182225","697/985","66178454/182225","39729/182225","122672/182225","696/985","6137669/364450","-176/185","57/185","0","2332/185","1"],"plan":{"type":"Box","history":[{"corner1":[0.5,0.5,0]},{"corner2":[-0.5,-0.5,0]}]},"content":[{"type":"graph","matrix":[-0.21770887638907943,0.21802167649883383,-0.9513513513513513,0,-0.6722238990259294,0.6731897379613115,0.30810810810810807,0,0.7076142131979695,0.7065989847715736,0,0,363.16890657154613,16.84090821786253,12.605405405405405,1,"-39672/182225","-122496/182225","697/985","66178454/182225","39729/182225","122672/182225","696/985","6137669/364450","-176/185","57/185","0","2332/185","1"],"tags":["color:#bababa","color:#bababa"],"graph":{"isClosed":true,"isEmpty":false,"isLazy":true,"provenance":"algorithm/cgal/fromSurfaceMeshToLazyGraph","serializedSurfaceMesh":"14\n1/2 -1/2 0\n1/2 1/2 10346869399390318228451383467635969/20288872761428933737704428400541696\n1/2 -1/2 40\n1/2 1/2 40\n-1/2 -253327479039590215/3170534137668829184 0\n-1/2 -253327479039590215/3170534137668829184 39161735890178225/144115188075855872\n1/2 -1280148194080063303/3170534137668829184 0\n1/2 -1280148194080063303/3170534137668829184 39161735890178225/144115188075855872\n-1/2 -1/2 0\n1/2 526420756443751413/12682136550675316736 43881227138481755/72057594037927936\n-1/2 1/2 58828170631438138701271507646335237/101444363807144668688522142002708480\n-1/2 1/2 40\n-1/2 -1/2 40\n-1/2 4633703616605643765/12682136550675316736 43881227138481755/72057594037927936\n\n24\n3 2 11 12\n3 3 11 2\n3 2 12 0\n3 1 3 2\n3 1 10 3\n3 6 8 4\n3 6 0 8\n3 7 9 2\n3 5 6 4\n3 7 2 0\n3 4 8 5\n3 6 7 0\n3 6 5 7\n3 10 11 3\n3 10 12 11\n3 2 9 1\n3 8 12 13\n3 10 9 13\n3 13 5 8\n3 13 9 5\n3 1 9 10\n3 10 13 12\n3 8 0 12\n3 5 9 7\n","hash":"/SLcORJsiqfDge1aZaHr4gtb9khM95JYmsLh5tWuAt0="},"cache":{"boundingBox":[[363.0848075388261,16.395302510631648,11.975675675675344],[391.91844148717337,45.5504733159564,13.23513513513544]]},"hash":"Zi1iOMxYpbRoIOjwMtDdN2loMpbzo/xy2GMhdzX3Org="}],"hash":"wQi2DQ+Kh8mHvL5/ilDx1SHszIPb7Y3eJUSll3DzHfo="}],"hash":"Lwkif8U5zDq0PQ7XL9YjyL28g2dR/znpn7bAk4keC+w="},{"type":"item","tags":["part:{\"BOMitemName\":\"Support Rail\",\"numberNeeded\":2,\"costUSD\":3.6,\"source\":\"www.example.com\",\"totalNeeded\":1,\"radius\":0.015384615384615385}"],"matrix":[0.7076142131979695,0.7065989847715736,0,0,-0.6722238990259294,0.6731897379613115,0.30810810810810807,0,0.21770887638907943,-0.21802167649883383,0.9513513513513513,0,331.01101385649605,49.045004801756065,27.870270270270268,1,"697/985","-122496/182225","39672/182225","60318482/182225","696/985","122672/182225","-39729/182225","8937226/182225","0","57/185","176/185","5156/185","1"],"content":[{"type":"plan","tags":["color:#bababa"],"matrix":[-0.21770887638907943,0.21802167649883383,-0.9513513513513513,0,-0.6722238990259294,0.6731897379613115,0.30810810810810807,0,0.7076142131979695,0.7065989847715736,0,0,330.9021594183015,49.15401564000548,27.394594594594594,1,"-39672/182225","-122496/182225","697/985","60298646/182225","39729/182225","122672/182225","696/985","17914181/364450","-176/185","57/185","0","5068/185","1"],"plan":{"type":"Box","history":[{"corner1":[0.5,0.5,0]},{"corner2":[-0.5,-0.5,0]}]},"content":[{"type":"graph","matrix":[-0.21770887638907943,0.21802167649883383,-0.9513513513513513,0,-0.6722238990259294,0.6731897379613115,0.30810810810810807,0,0.7076142131979695,0.7065989847715736,0,0,330.9021594183015,49.15401564000548,27.394594594594594,1,"-39672/182225","-122496/182225","697/985","60298646/182225","39729/182225","122672/182225","696/985","17914181/364450","-176/185","57/185","0","5068/185","1"],"tags":["color:#bababa","color:#bababa"],"graph":{"isClosed":true,"isEmpty":false,"isLazy":true,"provenance":"algorithm/cgal/fromSurfaceMeshToLazyGraph","serializedSurfaceMesh":"14\n1/2 1/2 0\n1/2 -1/2 40\n1/2 1/2 40\n53/114 -1/2 3/4\n-43/228 1/2 0\n1/2 195/704 0\n-1/2 -1/2 295589917006195211/471449990260345556\n-1/2 -3/16 3/4\n1/2 146641597622917275/3170534137668829184 9556418721493491/18014398509481984\n1/2 -1/2 1757392449714647843/2357249951301727780\n-1/2 1/2 226168576408679287/975413772952439260\n-1/2 1/2 40\n-1/2 -1/2 40\n-1/2 1173462312663390363/3170534137668829184 9556418721493491/18014398509481984\n\n24\n3 1 11 12\n3 2 11 1\n3 1 3 9\n3 0 2 1\n3 4 2 0\n3 4 0 5\n3 1 8 0\n3 4 10 2\n3 1 12 3\n3 6 7 3\n3 7 8 3\n3 9 8 1\n3 4 13 10\n3 4 8 13\n3 13 7 12\n3 10 13 11\n3 9 3 8\n3 5 8 4\n3 6 12 7\n3 10 11 2\n3 12 11 13\n3 8 7 13\n3 0 8 5\n3 6 3 12\n","hash":"dPT1boR/yfmKeJvuel6NI+QAEomqUvT6g1oeoiCH/U8="},"cache":{"boundingBox":[[330.4571930305932,49.15143366716895,26.764864864864528],[359.6516943339288,77.86358073809929,28.02432432432466]]},"hash":"Q9KIDVR0vg8viL4IU2z0/p0NhRZy+XSw4fF0rdgNE8E="}],"hash":"I5aHMy+o71Y+SuFfJvz+iE3lILOpc9G0uM58m/JEKyI="}],"hash":"uykYHEAMgwKfpqp+nplvYNNzf1XLhV57Olz4bHLP9kc="}],"hash":"k8heEgyU8qpHneW2qSkWnzJNQP4tSyaW0xiQCtM22NM="},{"type":"group","tags":[],"matrix":[0.7076142131979695,0.7065989847715736,0,0,-0.6722238990259294,0.6731897379613115,0.30810810810810807,0,0.21770887638907943,-0.21802167649883383,0.9513513513513513,0,361.95120043901767,45.65734668678831,20.013513513513512,1,"697/985","-122496/182225","39672/182225","26382623/72890","696/985","122672/182225","-39729/182225","1663982/36445","0","57/185","176/185","1481/74","1"],"content":[{"type":"item","tags":["part:{\"BOMitemName\":\"400 Watt Solar Pannel\",\"numberNeeded\":1,\"costUSD\":312,\"source\":\"https://www.ecodirect.com/Canadian-Solar-CS1Y-400W-All-Black-Solar-Panel-p/canadian-solar-cs1y-400m5.htm\",\"totalNeeded\":1,\"radius\":0.015384615384615385}"],"matrix":[0.7076142131979695,0.7065989847715736,0,0,-0.6722238990259294,0.6731897379613115,0.30810810810810807,0,0.21770887638907943,-0.21802167649883383,0.9513513513513513,0,361.95120043901767,45.65734668678831,20.013513513513512,1,"697/985","-122496/182225","39672/182225","26382623/72890","696/985","122672/182225","-39729/182225","1663982/36445","0","57/185","176/185","1481/74","1"],"content":[{"type":"plan","tags":["color:#bababa"],"matrix":[0.7076142131979695,0.7065989847715736,0,0,-0.6722238990259294,0.6731897379613115,0.30810810810810807,0,0.21770887638907943,-0.21802167649883383,0.9513513513513513,0,361.95120043901767,45.65734668678831,20.013513513513512,1,"697/985","-122496/182225","39672/182225","26382623/72890","696/985","122672/182225","-39729/182225","1663982/36445","0","57/185","176/185","1481/74","1"],"plan":{"type":"Box","history":[{"corner1":[19.5,32.5,0]},{"corner2":[-19.5,-32.5,0]}]},"content":[{"type":"graph","matrix":[0.7076142131979695,0.7065989847715736,0,0,-0.6722238990259294,0.6731897379613115,0.30810810810810807,0,0.21770887638907943,-0.21802167649883383,0.9513513513513513,0,361.95120043901767,45.65734668678831,20.013513513513512,1,"697/985","-122496/182225","39672/182225","26382623/72890","696/985","122672/182225","-39729/182225","1663982/36445","0","57/185","176/185","1481/74","1"],"tags":["color:#bababa"],"graph":{"isClosed":true,"isEmpty":false,"isLazy":true,"provenance":"algorithm/cgal/fromSurfaceMeshToLazyGraph","serializedSurfaceMesh":"36\n-39/2 65/2 0\n-39/2 -65/2 0\n39/2 -65/2 0\n39/2 65/2 0\n-39/2 65/2 3/2\n-39/2 -65/2 3/2\n39/2 -65/2 3/2\n39/2 65/2 3/2\n37/2 -31 3/2\n-37/2 31 3/2\n37/2 31 3/2\n-37/2 -31 3/2\n-37/2 31 0\n37/2 31 0\n-37/2 -31 0\n37/2 -31 0\n-39/2 -71590345576588246855/3170534137668829184 0\n-39/2 -30035/1408 0\n-85617345089902147/4503599627370496 -273675251997517550645/12682136550675316736 0\n-1361241856601112997/72057594037927936 -280714368773588982795/12682136550675316736 0\n-39/2 17265/704 0\n-39/2 18375/704 0\n-341724352213405197/18014398509481984 78486207896265942885/3170534137668829184 0\n-39/2 -7829/370 787/1480\n-85617345089902147/4503599627370496 -17816282612666619647/833165931063541760 8057364601255191989/13330654897016668160\n-1361241856601112997/72057594037927936 -18234824691243839937/833165931063541760 10226173553882606219/13330654897016668160\n-2771084431589011279/144115188075855872 -4642648265865560053/208291482765885440 2991516052480851911/3332663724254167040\n-39/2 1953/74 133/148\n-39/2 9237/370 1007/740\n-341724352213405197/18014398509481984 5243466901519456911/208291482765885440 4309725155606863643/3332663724254167040\n-75/4 9501/370 209/185\n-341724352213405197/18014398509481984 82022082823218534555/3170534137668829184 0\n-2771084431589011279/144115188075855872 -71590345576588246855/3170534137668829184 0\n-341724352213405197/18014398509481984 5453708113392313713/208291482765885440 3220293421356605669/3332663724254167040\n-75/4 405/16 0\n-39/2 -4642648265865560053/208291482765885440 2991516052480851911/3332663724254167040\n\n72\n3 16 14 1\n3 3 2 15\n3 6 8 5\n3 4 10 7\n3 2 6 5\n3 5 1 2\n3 3 7 6\n3 6 2 3\n3 0 4 7\n3 7 3 0\n3 10 8 7\n3 6 7 8\n3 10 4 9\n3 9 4 11\n3 14 9 11\n3 13 15 8\n3 11 4 5\n3 5 8 11\n3 10 12 13\n3 12 10 9\n3 15 13 3\n3 13 12 3\n3 12 0 3\n3 13 8 10\n3 11 15 14\n3 15 11 8\n3 14 2 1\n3 2 14 15\n3 9 14 12\n3 35 16 1\n3 20 17 23\n3 16 32 14\n3 23 28 20\n3 29 22 28\n3 34 22 29\n3 23 17 24\n3 20 22 18\n3 31 30 33\n3 32 35 26\n3 19 18 22\n3 5 35 1\n3 19 32 26\n3 35 5 4\n3 27 0 21\n3 23 24 25\n3 26 35 25\n3 24 18 25\n3 26 25 19\n3 19 22 14\n3 16 35 32\n3 34 29 30\n3 18 17 20\n3 31 34 30\n3 4 0 27\n3 4 27 28\n3 4 28 23\n3 0 12 31\n3 27 33 30\n3 30 28 27\n3 14 34 12\n3 29 28 30\n3 23 35 4\n3 31 21 0\n3 27 21 33\n3 31 12 34\n3 25 35 23\n3 20 28 22\n3 19 14 32\n3 34 14 22\n3 31 33 21\n3 19 25 18\n3 18 24 17\n","hash":"eIZMwTA0zz8aaG/Jvsf0Kmi2mhtMI6s/jhh6yslgMqc="},"cache":{"boundingBox":[[326.30544656331364,9.672967485250906,9.999999999999655],[397.9235176293054,81.31469337357753,31.454054054054414]]},"hash":"VgW5ScrzV9ivQ1HiywCUY663XBYBLf3OrlkSY6zl2Sg="}],"hash":"V6M7r+eqCQFXhYRLo/aerqfOppgt9CyQQDMLYYRcDL8="}],"hash":"I3digNGvTPAlB6Ztv4NQ00Ouny0AQRX83UBt8tmGCHM="},{"type":"plan","tags":["color:#3c3c3c","user:Solar"],"matrix":[0.7076142131979695,0.7065989847715736,0,0,-0.6722238990259294,0.6731897379613115,0.30810810810810807,0,0.21770887638907943,-0.21802167649883383,0.9513513513513513,0,361.95120043901767,45.65734668678831,20.013513513513512,1,"697/985","-122496/182225","39672/182225","26382623/72890","696/985","122672/182225","-39729/182225","1663982/36445","0","57/185","176/185","1481/74","1"],"plan":{"type":"Box","history":[{"corner1":[18.5,31,0]},{"corner2":[-18.5,-31,0]}]},"content":[{"type":"graph","matrix":[0.7076142131979695,0.7065989847715736,0,0,-0.6722238990259294,0.6731897379613115,0.30810810810810807,0,0.21770887638907943,-0.21802167649883383,0.9513513513513513,0,361.95120043901767,45.65734668678831,20.013513513513512,1,"697/985","-122496/182225","39672/182225","26382623/72890","696/985","122672/182225","-39729/182225","1663982/36445","0","57/185","176/185","1481/74","1"],"tags":["color:#3c3c3c","user:Solar"],"graph":{"isClosed":true,"isEmpty":false,"isLazy":true,"provenance":"algorithm/cgal/fromSurfaceMeshToLazyGraph","serializedSurfaceMesh":"8\n-37/2 31 0\n-37/2 -31 0\n37/2 -31 0\n37/2 31 0\n-37/2 31 3/2\n-37/2 -31 3/2\n37/2 -31 3/2\n37/2 31 3/2\n\n12\n3 0 2 1\n3 2 0 3\n3 5 6 4\n3 7 4 6\n3 1 5 4\n3 4 0 1\n3 2 6 5\n3 5 1 2\n3 3 7 6\n3 6 2 3\n3 0 4 7\n3 7 3 0\n","hash":"iHbRm4ngowT5Cto0wSOzfqWBZnB/19B35ndJihYoaXg="},"cache":{"boundingBox":[[328.0213966250505,11.389351076964415,10.462162162161825],[396.20756756756856,79.59830978186396,30.991891891892237]]},"hash":"Y0PPlkWcqZ8oe6Ys8LuZMDo+j7IDBpm2TgrhKdk1HRQ="}],"hash":"BI6NPmx+CUxJpokrMsdtaHsiF8sok8g8u61ka4XvUCo="}],"hash":"sJzaKgYrGAU2vt+Kdxpd9ZtuXARlr1HmvWfox1ZLot8="}],"hash":"CL151Uut4lHrdJueUcHmHnv8NV79Zq8AU6D0nTf052A="},{"type":"group","tags":[],"matrix":[0.7076142131979695,0.7065989847715736,0,0,-0.6722238990259294,0.6731897379613115,0.30810810810810807,0,0.21770887638907943,-0.21802167649883383,0.9513513513513513,0,398.3045685279188,38.263959390862944,10,1,"697/985","-122496/182225","39672/182225","78466/197","696/985","122672/182225","-39729/182225","7538/197","0","57/185","176/185","10","1"],"content":[{"type":"group","tags":[],"matrix":[0.7076142131979695,0.7065989847715736,0,0,-0.6722238990259294,0.6731897379613115,0.30810810810810807,0,0.21770887638907943,-0.21802167649883383,0.9513513513513513,0,398.3045685279188,38.263959390862944,10,1,"697/985","-122496/182225","39672/182225","78466/197","696/985","122672/182225","-39729/182225","7538/197","0","57/185","176/185","10","1"],"content":[{"type":"item","tags":["part:{\"BOMitemName\":\"Support Rail\",\"numberNeeded\":2,\"costUSD\":3.6,\"source\":\"www.example.com\",\"totalNeeded\":1,\"radius\":0.015384615384615385}"],"matrix":[0.7076142131979695,0.7065989847715736,0,0,-0.6722238990259294,0.6731897379613115,0.30810810810810807,0,0.21770887638907943,-0.21802167649883383,0.9513513513513513,0,391.58232953765946,44.99585677047606,13.08108108108108,1,"697/985","-122496/182225","39672/182225","14271218/36445","696/985","122672/182225","-39729/182225","1639874/36445","0","57/185","176/185","484/37","1"],"content":[{"type":"plan","tags":["color:#bababa"],"matrix":[-0.21770887638907943,0.21802167649883383,-0.9513513513513513,0,-0.6722238990259294,0.6731897379613115,0.30810810810810807,0,0.7076142131979695,0.7065989847715736,0,0,391.4734750994649,45.10486760872547,12.605405405405405,1,"-39672/182225","-122496/182225","697/985","71336254/182225","39729/182225","122672/182225","696/985","16438469/364450","-176/185","57/185","0","2332/185","1"],"plan":{"type":"Box","history":[{"corner1":[0.5,0.5,0]},{"corner2":[-0.5,-0.5,0]}]},"content":[{"type":"graph","matrix":[-0.21770887638907943,0.21802167649883383,-0.9513513513513513,0,-0.6722238990259294,0.6731897379613115,0.30810810810810807,0,0.7076142131979695,0.7065989847715736,0,0,391.4734750994649,45.10486760872547,12.605405405405405,1,"-39672/182225","-122496/182225","697/985","71336254/182225","39729/182225","122672/182225","696/985","16438469/364450","-176/185","57/185","0","2332/185","1"],"tags":["color:#bababa","color:#bababa"],"graph":{"isClosed":true,"isEmpty":false,"isLazy":true,"provenance":"algorithm/cgal/fromSurfaceMeshToLazyGraph","serializedSurfaceMesh":"20\n1/2 -1/2 0\n1/2 1/2 0\n1/2 -1/2 40\n1/2 1/2 40\n1/2 526420756443751413/12682136550675316736 2117846593999356325/72057594037927936\n1/2 1/2 619013052242258330359584235483886849/20288872761428933737704428400541696\n-1/2 -253327479039590215/3170534137668829184 4362617378165854385/144115188075855872\n-1/2 1/2 2984502743582901921954392752434919163/101444363807144668688522142002708480\n1/2 1/2 598319313443477693902681468548614911/20288872761428933737704428400541696\n-1/2 4633703616605643765/12682136550675316736 2205609048276319835/72057594037927936\n1/2 -1280148194080063303/3170534137668829184 4284293906385497935/144115188075855872\n-1/2 1/2 3102159084845778199356935767727589637/101444363807144668688522142002708480\n-1/2 -1/2 40\n-1/2 -1/2 0\n-1/2 4633703616605643765/12682136550675316736 2117846593999356325/72057594037927936\n1/2 -1280148194080063303/3170534137668829184 4362617378165854385/144115188075855872\n-1/2 1/2 40\n1/2 526420756443751413/12682136550675316736 2205609048276319835/72057594037927936\n-1/2 1/2 0\n-1/2 -253327479039590215/3170534137668829184 4284293906385497935/144115188075855872\n\n36\n3 0 13 18\n3 0 18 1\n3 2 16 12\n3 3 16 2\n3 2 12 0\n3 4 0 1\n3 14 4 7\n3 2 0 10\n3 4 10 0\n3 11 9 12\n3 5 11 3\n3 2 17 3\n3 7 8 1\n3 3 17 5\n3 19 6 15\n3 10 15 2\n3 5 17 11\n3 12 6 13\n3 17 15 9\n3 17 2 15\n3 19 18 13\n3 7 18 14\n3 19 15 10\n3 4 8 7\n3 12 9 6\n3 11 16 3\n3 14 10 4\n3 16 11 12\n3 19 13 6\n3 11 17 9\n3 1 8 4\n3 12 13 0\n3 19 10 14\n3 19 14 18\n3 9 15 6\n3 7 1 18\n","hash":"XJKuXvy3uDC6ao5zKjtJ7DJGvzRHnU3ZmM100gInrx4="},"cache":{"boundingBox":[[391.0285087117565,44.6592619014945,11.97567567567532],[420.2230100150922,73.81443270681945,13.235135135135511]]},"hash":"TW08tKg8JLcPGChUw7ac9yXOk5wl3fM1fGRtAsnzVho="}],"hash":"9fuSHep2iEKvG50B9ctFDWU7UQocUgD0A/LV+e8/O60="}],"hash":"6ECVpm8763tdvoycCZNIXGLQenJNHFwvRlv3wxALfCk="},{"type":"item","tags":["part:{\"BOMitemName\":\"Support Rail\",\"numberNeeded\":2,\"costUSD\":3.6,\"source\":\"www.example.com\",\"totalNeeded\":1,\"radius\":0.015384615384615385}"],"matrix":[0.7076142131979695,0.7065989847715736,0,0,-0.6722238990259294,0.6731897379613115,0.30810810810810807,0,0.21770887638907943,-0.21802167649883383,0.9513513513513513,0,359.3155823844148,77.308964192619,27.870270270270268,1,"697/985","-122496/182225","39672/182225","65476282/182225","696/985","122672/182225","-39729/182225","14087626/182225","0","57/185","176/185","5156/185","1"],"content":[{"type":"plan","tags":["color:#bababa"],"matrix":[-0.21770887638907943,0.21802167649883383,-0.9513513513513513,0,-0.6722238990259294,0.6731897379613115,0.30810810810810807,0,0.7076142131979695,0.7065989847715736,0,0,359.2067279462203,77.41797503086842,27.394594594594594,1,"-39672/182225","-122496/182225","697/985","65456446/182225","39729/182225","122672/182225","696/985","28214981/364450","-176/185","57/185","0","5068/185","1"],"plan":{"type":"Box","history":[{"corner1":[0.5,0.5,0]},{"corner2":[-0.5,-0.5,0]}]},"content":[{"type":"graph","matrix":[-0.21770887638907943,0.21802167649883383,-0.9513513513513513,0,-0.6722238990259294,0.6731897379613115,0.30810810810810807,0,0.7076142131979695,0.7065989847715736,0,0,359.2067279462203,77.41797503086842,27.394594594594594,1,"-39672/182225","-122496/182225","697/985","65456446/182225","39729/182225","122672/182225","696/985","28214981/364450","-176/185","57/185","0","5068/185","1"],"tags":["color:#bababa","color:#bababa"],"graph":{"isClosed":true,"isEmpty":false,"isLazy":true,"provenance":"algorithm/cgal/fromSurfaceMeshToLazyGraph","serializedSurfaceMesh":"24\n1/2 -1/2 0\n1/2 1/2 0\n1/2 -1/2 40\n1/2 1/2 40\n-1/2 -1/2 0\n53/114 -1/2 117/4\n1/2 146641597622917275/3170534137668829184 549988374005953011/18014398509481984\n1/2 -1/2 68960106089337185557/2357249951301727780\n1/2 146641597622917275/3170534137668829184 530875536562966029/18014398509481984\n-43/228 1/2 30\n-1/2 -1/2 14439089624816561891/471449990260345556\n53/114 -1/2 123/4\n-1/2 -3/16 123/4\n-1/2 1173462312663390363/3170534137668829184 549988374005953011/18014398509481984\n1/2 -1/2 72474890988766481243/2357249951301727780\n-1/2 1/2 29488581764981857087/975413772952439260\n-1/2 1/2 29036244612164498513/975413772952439260\n-1/2 1/2 40\n-1/2 -1/2 40\n-1/2 -3/16 117/4\n-1/2 -1/2 13847909790804171469/471449990260345556\n-1/2 1173462312663390363/3170534137668829184 530875536562966029/18014398509481984\n1/2 195/704 30\n-1/2 1/2 0\n\n44\n3 23 0 4\n3 0 23 1\n3 2 17 18\n3 3 17 2\n3 6 3 2\n3 23 3 1\n3 0 7 5\n3 6 22 3\n3 15 17 3\n3 2 11 14\n3 3 23 9\n3 1 3 22\n3 7 19 5\n3 2 18 11\n3 14 11 12\n3 3 9 15\n3 1 7 0\n3 9 22 15\n3 10 12 11\n3 5 20 0\n3 9 16 21\n3 22 8 1\n3 14 6 2\n3 4 20 23\n3 9 21 22\n3 8 7 1\n3 10 18 12\n3 19 7 21\n3 12 6 14\n3 19 20 5\n3 0 20 4\n3 23 16 9\n3 21 16 23\n3 19 21 23\n3 22 21 8\n3 13 15 22\n3 22 6 13\n3 10 11 18\n3 23 20 19\n3 8 21 7\n3 6 12 13\n3 15 13 17\n3 13 12 17\n3 18 17 12\n","hash":"mImIYP1l39k2IQ+P50byBq5G+4RdAZrMz0Y+4zkpAQQ="},"cache":{"boundingBox":[[358.7617615585119,76.97236932363751,26.764864864864496],[387.9562628618476,106.12754012896241,28.024324324324695]]},"hash":"/zC+x15WUrvazSHdMXZ/PC7bpxnGURH8aif3kl2hx0E="}],"hash":"Bg5yPQXojfyatBVTWGS0xaWGUrFSN7F3/JqZr7Utt0k="}],"hash":"Eugxm5X