{"type":"group","tags":[],"content":[{"type":"group","tags":[],"content":[{"type":"graph","tags":["color:#fffcf7"],"graph":{"isClosed":true,"isEmpty":false,"isLazy":true,"provenance":"algorithm/cgal/fromSurfaceMeshToLazyGraph","serializedSurfaceMesh":"24\n300 -180 0\n300 144 0\n-36 144 0\n-36 180 0\n-300 -180 0\n-300 180 0\n300 -180 10\n300 144 10\n-36 144 10\n-36 180 10\n-300 -180 10\n-300 180 10\n-180 48 10\n-180 44 10\n-180 24 10\n-220 48 10\n-188 24 10\n-228 48 10\n-228 24 10\n-228 28 10\n-228 24 0\n-228 48 0\n-180 24 0\n-180 48 0\n\n48\n3 0 2 1\n3 5 3 2\n3 4 2 0\n3 22 2 4\n3 6 7 8\n3 11 8 9\n3 10 6 8\n3 18 11 10\n3 7 6 1\n3 0 1 6\n3 8 7 2\n3 1 2 7\n3 9 8 3\n3 2 3 8\n3 11 9 5\n3 3 5 9\n3 6 10 0\n3 4 0 10\n3 10 11 4\n3 5 4 11\n3 8 11 12\n3 15 12 11\n3 14 22 16\n3 8 12 13\n3 8 14 10\n3 8 13 14\n3 12 15 23\n3 23 22 13\n3 14 16 10\n3 12 23 13\n3 19 17 11\n3 15 11 17\n3 16 18 10\n3 15 21 23\n3 18 19 11\n3 14 13 22\n3 23 2 22\n3 5 20 4\n3 5 21 20\n3 5 2 23\n3 20 22 4\n3 21 5 23\n3 18 16 20\n3 19 20 21\n3 21 15 17\n3 22 20 16\n3 17 19 21\n3 18 20 19\n","hash":"xWUjbs0ndl/kuFjZMTv/ZgAD3iyY6D9QalvPQrxrFUc="},"matrix":[1,0,0,0,0,1,0,0,0,0,1,0,300,180,0,1,"1","0","0","300","0","1","0","180","0","0","1","0","1"],"provenance":"geometry/graph/cut","hash":"KGVr/j+wBHWRd8Hq11K04bOHP0R2sP+CH25JSWbXvpM=","cache":{"boundingBox":[[-1.7053025658242407e-13,-8.526512829121203e-14,-2e-323],[600.0000000000003,360.00000000000017,10.000000000000005]]}},{"type":"graph","tags":["color:#fffcf7"],"graph":{"isClosed":true,"isEmpty":false,"isLazy":true,"provenance":"algorithm/cgal/fromSurfaceMeshToLazyGraph","serializedSurfaceMesh":"8\n-24 12 0\n-24 -12 0\n24 -12 0\n24 12 0\n-24 12 60\n-24 -12 60\n24 -12 60\n24 12 60\n\n12\n3 1 0 2\n3 3 2 0\n3 4 5 6\n3 6 7 4\n3 4 1 5\n3 1 4 0\n3 5 2 6\n3 2 5 1\n3 6 3 7\n3 3 6 2\n3 7 0 4\n3 0 7 3\n","hash":"pdr4yhbXiyqRH/s7no5J/Zm1sEXnEbgMFuyt0atPFNk="},"matrix":[1,0,0,0,0,1,0,0,0,0,1,0,96,216,0,1,"1","0","0","96","0","1","0","216","0","0","1","0","1"],"hash":"posjstBQeLZzQrywxz1DnmjG8h+sDmf4j+a/uGtngPs=","cache":{"boundingBox":[[71.99999999999997,203.99999999999997,-2e-323],[120.00000000000003,228.00000000000003,60.00000000000002]]}},{"type":"group","tags":[],"matrix":[1,0,0,0,0,1,0,0,0,0,1,0,390,276,10,1,"1","0","0","390","0","1","0","276","0","0","1","10","1"],"content":[{"type":"graph","tags":["color:#fffcf7"],"graph":{"isClosed":true,"isEmpty":false,"isLazy":true,"provenance":"algorithm/cgal/fromSurfaceMeshToLazyGraph","serializedSurfaceMesh":"8\n-58 -49 0\n-58 -59 0\n-38 -59 0\n-38 -49 0\n-58 -49 14\n-58 -59 14\n-38 -59 14\n-38 -49 14\n\n12\n3 1 0 2\n3 3 2 0\n3 4 5 6\n3 6 7 4\n3 4 1 5\n3 1 4 0\n3 5 2 6\n3 2 5 1\n3 6 3 7\n3 3 6 2\n3 7 0 4\n3 0 7 3\n","hash":"Pyo5W6c7hId2iO7Y4TNcrPgaJwm2IH/ZkolI3euFDLc="},"matrix":[1,0,0,0,0,1,0,0,0,0,1,0,390,276,10,1,"1","0","0","390","0","1","0","276","0","0","1","10","1"],"hash":"Db4vVGUK8W8OkmQy7rQvP0+RR/WESy/wz7J3WnU4qDE=","cache":{"boundingBox":[[331.99999999999994,216.99999999999994,9.999999999999998],[352.00000000000006,227.00000000000006,24.000000000000007]]}},{"type":"graph","tags":["color:#fffcf7"],"graph":{"isClosed":true,"isEmpty":false,"isLazy":true,"provenance":"algorithm/cgal/fromSurfaceMeshToLazyGraph","serializedSurfaceMesh":"42\n-13/3 -113/2 0\n-190/39 -496/9 0\n-50/23 -117/2 0\n-17/5 -173/3 0\n190/39 -496/9 0\n13/3 -113/2 0\n17/5 -173/3 0\n50/23 -117/2 0\n3/4 -4892/83 0\n-3/4 -4892/83 0\n1315/264 -1448/27 0\n135/29 -2139/41 0\n90/23 -2697/53 0\n45/16 -1147/23 0\n25/17 -1132/23 0\n0 -49 0\n-25/17 -1132/23 0\n-45/16 -1147/23 0\n-90/23 -2697/53 0\n-135/29 -2139/41 0\n-1315/264 -1448/27 0\n-13/3 -113/2 14\n-190/39 -496/9 14\n-50/23 -117/2 14\n-17/5 -173/3 14\n190/39 -496/9 14\n13/3 -113/2 14\n17/5 -173/3 14\n50/23 -117/2 14\n3/4 -4892/83 14\n-3/4 -4892/83 14\n1315/264 -1448/27 14\n135/29 -2139/41 14\n90/23 -2697/53 14\n45/16 -1147/23 14\n25/17 -1132/23 14\n0 -49 14\n-25/17 -1132/23 14\n-45/16 -1147/23 14\n-90/23 -2697/53 14\n-135/29 -2139/41 14\n-1315/264 -1448/27 14\n\n80\n3 1 3 0\n3 9 2 20\n3 2 3 1\n3 8 20 10\n3 7 10 4\n3 6 4 5\n3 6 7 4\n3 7 8 10\n3 8 9 20\n3 11 10 12\n3 12 10 13\n3 13 20 17\n3 14 13 15\n3 15 13 17\n3 16 15 17\n3 13 10 20\n3 18 17 20\n3 19 18 20\n3 20 2 1\n3 24 22 21\n3 23 30 41\n3 24 23 22\n3 41 29 31\n3 31 28 25\n3 25 27 26\n3 28 27 25\n3 29 28 31\n3 30 29 41\n3 31 32 33\n3 31 33 34\n3 41 34 38\n3 34 35 36\n3 34 36 38\n3 36 37 38\n3 31 34 41\n3 38 39 41\n3 39 40 41\n3 23 41 22\n3 21 3 24\n3 3 21 0\n3 22 0 21\n3 0 22 1\n3 23 9 30\n3 9 23 2\n3 24 2 23\n3 2 24 3\n3 25 10 31\n3 10 25 4\n3 26 4 25\n3 4 26 5\n3 27 5 26\n3 5 27 6\n3 28 6 27\n3 6 28 7\n3 29 7 28\n3 7 29 8\n3 30 8 29\n3 8 30 9\n3 31 11 32\n3 11 31 10\n3 32 12 33\n3 12 32 11\n3 33 13 34\n3 13 33 12\n3 34 14 35\n3 14 34 13\n3 35 15 36\n3 15 35 14\n3 36 16 37\n3 16 36 15\n3 37 17 38\n3 17 37 16\n3 38 18 39\n3 18 38 17\n3 39 19 40\n3 19 39 18\n3 40 20 41\n3 20 40 19\n3 41 1 22\n3 1 41 20\n","hash":"Pei2ucufy89j1g2Bn0O5xHernZTM/xDpVSRsYJWZmJQ="},"matrix":[1,0,0,0,0,1,0,0,0,0,1,0,390,276,10,1,"1","0","0","390","0","1","0","276","0","0","1","10","1"],"hash":"o1k81B7HmfmyFxvEhpLRtvgRgu/gaF2IO4TZOxhAw20=","cache":{"boundingBox":[[385.0189393939393,217.06024096385536,9.999999999999998],[394.9810606060607,227.00000000000006,24.000000000000007]]}},{"type":"graph","tags":["color:#fffcf7"],"graph":{"isClosed":true,"isEmpty":false,"isLazy":true,"provenance":"algorithm/cgal/fromSurfaceMeshToLazyGraph","serializedSurfaceMesh":"38\n-11/3 -1510/77 0\n-904/227 -55/3 0\n-50/17 -642/31 0\n-40/21 -538/25 0\n-36/55 -1514/69 0\n36/55 -1514/69 0\n40/21 -538/25 0\n50/17 -642/31 0\n11/3 -1510/77 0\n904/227 -55/3 0\n31/8 -834/49 0\n124/37 -332/21 0\n27/11 -282/19 0\n48/37 -526/37 0\n0 -14 0\n-48/37 -526/37 0\n-27/11 -282/19 0\n-124/37 -332/21 0\n-31/8 -834/49 0\n-11/3 -1510/77 14\n-904/227 -55/3 14\n-50/17 -642/31 14\n-40/21 -538/25 14\n-36/55 -1514/69 14\n36/55 -1514/69 14\n40/21 -538/25 14\n50/17 -642/31 14\n11/3 -1510/77 14\n904/227 -55/3 14\n31/8 -834/49 14\n124/37 -332/21 14\n27/11 -282/19 14\n48/37 -526/37 14\n0 -14 14\n-48/37 -526/37 14\n-27/11 -282/19 14\n-124/37 -332/21 14\n-31/8 -834/49 14\n\n72\n3 1 2 0\n3 4 2 1\n3 3 2 4\n3 5 4 1\n3 6 5 7\n3 7 5 9\n3 8 7 9\n3 9 5 1\n3 10 9 1\n3 11 10 12\n3 12 10 13\n3 13 10 14\n3 14 10 18\n3 15 14 18\n3 16 15 18\n3 17 16 18\n3 18 10 1\n3 21 20 19\n3 21 23 20\n3 21 22 23\n3 23 24 20\n3 24 25 26\n3 24 26 28\n3 26 27 28\n3 24 28 20\n3 28 29 20\n3 29 30 31\n3 29 31 32\n3 29 32 33\n3 29 33 37\n3 33 34 37\n3 34 35 37\n3 35 36 37\n3 29 37 20\n3 19 2 21\n3 2 19 0\n3 20 0 19\n3 0 20 1\n3 21 3 22\n3 3 21 2\n3 22 4 23\n3 4 22 3\n3 23 5 24\n3 5 23 4\n3 24 6 25\n3 6 24 5\n3 25 7 26\n3 7 25 6\n3 26 8 27\n3 8 26 7\n3 27 9 28\n3 9 27 8\n3 28 10 29\n3 10 28 9\n3 29 11 30\n3 11 29 10\n3 30 12 31\n3 12 30 11\n3 31 13 32\n3 13 31 12\n3 32 14 33\n3 14 32 13\n3 33 15 34\n3 15 33 14\n3 34 16 35\n3 16 34 15\n3 35 17 36\n3 17 35 16\n3 36 18 37\n3 18 36 17\n3 37 1 20\n3 1 37 18\n","hash":"AreCBzn30ToqmZOT2hf6M5LkqjjB1vrW/gcvVJTJAuI="},"matrix":[1,0,0,0,0,1,0,0,0,0,1,0,390,276,10,1,"1","0","0","390","0","1","0","276","0","0","1","10","1"],"hash":"pF1tVTmzQlFQCbiPUPLAk2mAX37988idqWETYIay7r8=","cache":{"boundingBox":[[386.0176211453744,254.05797101449272,9.999999999999998],[393.9823788546256,262.00000000000006,24.000000000000007]]}},{"type":"graph","tags":["color:#fffcf7"],"graph":{"isClosed":true,"isEmpty":false,"isLazy":true,"provenance":"algorithm/cgal/fromSurfaceMeshToLazyGraph","serializedSurfaceMesh":"26\n0 2 0\n-13/14 23/13 0\n-240/121 6/25 0\n-58/31 -22/31 0\n-28/17 42/37 0\n-49/37 -154/103 0\n-12/25 -33/17 0\n12/25 -33/17 0\n49/37 -154/103 0\n58/31 -22/31 0\n240/121 6/25 0\n28/17 42/37 0\n13/14 23/13 0\n0 2 14\n-13/14 23/13 14\n-240/121 6/25 14\n-58/31 -22/31 14\n-28/17 42/37 14\n-49/37 -154/103 14\n-12/25 -33/17 14\n12/25 -33/17 14\n49/37 -154/103 14\n58/31 -22/31 14\n240/121 6/25 14\n28/17 42/37 14\n13/14 23/13 14\n\n48\n3 1 0 4\n3 5 3 2\n3 5 2 4\n3 0 5 4\n3 7 6 5\n3 0 7 5\n3 10 8 7\n3 10 9 8\n3 0 10 7\n3 0 11 10\n3 0 12 11\n3 13 14 17\n3 16 18 15\n3 15 18 17\n3 18 13 17\n3 19 20 18\n3 20 13 18\n3 21 23 20\n3 22 23 21\n3 23 13 20\n3 24 13 23\n3 25 13 24\n3 13 1 14\n3 1 13 0\n3 14 4 17\n3 4 14 1\n3 15 3 16\n3 3 15 2\n3 16 5 18\n3 5 16 3\n3 17 2 15\n3 2 17 4\n3 18 6 19\n3 6 18 5\n3 19 7 20\n3 7 19 6\n3 20 8 21\n3 8 20 7\n3 21 9 22\n3 9 21 8\n3 22 10 23\n3 10 22 9\n3 23 11 24\n3 11 23 10\n3 24 12 25\n3 12 24 11\n3 25 0 13\n3 0 25 12\n","hash":"wXbjmDRTgSLXUv6Yugl4hMkP0fvySJ+/kIS/alAxyvg="},"matrix":[1,0,0,0,0,1,0,0,0,0,1,0,390,276,10,1,"1","0","0","390","0","1","0","276","0","0","1","10","1"],"hash":"gLrPMhspiJzTtG7aqk5Y0VwM94NyUI4t6cXMMX3N5PI=","cache":{"boundingBox":[[388.01652892561975,274.0588235294117,9.999999999999998],[391.98347107438025,278.00000000000006,24.000000000000007]]}}],"hash":"vqafgXDe8xkbN9bS9L70q6EwFSJEn6jVAPcoOMvSc7s="}],"hash":"4F+4JnKcHnQ71GoaV8Nc3ZFaFwrZK60YPh93gmEcZvk="},{"type":"group","tags":[],"matrix":[1,0,0,0,0,1,0,0,0,0,1,0,480,10,10,1,"1","0","0","480","0","1","0","10","0","0","1","10","1"],"content":[{"type":"group","tags":[],"matrix":[0.7076142131979695,0.7065989847715736,0,0,-0.7065989847715736,0.7076142131979695,0,0,0,0,1,0,370,10,10,1,"697/985","-696/985","0","370","696/985","697/985","0","10","0","0","1","10","1"],"content":[{"type":"item","tags":["part:{\"BOMitemName\":\"400 Watt Solar Pannel\",\"numberNeeded\":1,\"costUSD\":312,\"source\":\"https://www.ecodirect.com/Canadian-Solar-CS1Y-400W-All-Black-Solar-Panel-p/canadian-solar-cs1y-400m5.htm\",\"totalNeeded\":1,\"radius\":0.015384615384615385}"],"matrix":[0.7076142131979695,0.7065989847715736,0,0,-0.6639185091813443,0.6648724150853405,0.3422818791946308,0,0.24185602834463257,-0.24220352263823117,0.9395973154362416,0,362.2211256089667,45.387033693319246,21.1241610738255,1,"697/985","-19488/29353","35496/146765","106322767/293530","696/985","19516/29353","-35547/146765","6661228/146765","0","51/149","140/149","6295/298","1"],"content":[{"type":"group","tags":[],"matrix":[0.7076142131979695,0.7065989847715736,0,0,-0.6639185091813443,0.6648724150853405,0.3422818791946308,0,0.24185602834463257,-0.24220352263823117,0.9395973154362416,0,362.2211256089667,45.387033693319246,21.1241610738255,1,"697/985","-19488/29353","35496/146765","106322767/293530","696/985","19516/29353","-35547/146765","6661228/146765","0","51/149","140/149","6295/298","1"],"content":[{"type":"graph","tags":["color:#bababa"],"graph":{"isClosed":true,"isEmpty":false,"isLazy":true,"provenance":"algorithm/cgal/fromSurfaceMeshToLazyGraph","serializedSurfaceMesh":"20\n-39/2 65/2 0\n-39/2 -65/2 0\n39/2 -65/2 0\n39/2 65/2 0\n-39/2 65/2 3/2\n-39/2 -65/2 3/2\n39/2 -65/2 3/2\n39/2 65/2 3/2\n37/2 -185/6 3/2\n-37/2 185/6 3/2\n-37/2 185/6 0\n37/2 -185/6 0\n-37/2 31 3/2\n37/2 31 3/2\n-37/2 -31 3/2\n37/2 -31 3/2\n-37/2 31 0\n37/2 31 0\n-37/2 -31 0\n37/2 -31 0\n\n40\n3 0 10 1\n3 2 11 3\n3 15 5 6\n3 13 7 4\n3 5 4 1\n3 0 1 4\n3 6 5 2\n3 1 2 5\n3 7 6 3\n3 2 3 6\n3 4 7 0\n3 3 0 7\n3 8 7 13\n3 6 7 8\n3 4 12 13\n3 4 9 12\n3 17 15 8\n3 18 12 9\n3 15 17 11\n3 9 5 14\n3 4 5 9\n3 12 18 10\n3 5 15 14\n3 6 8 15\n3 16 17 13\n3 13 12 16\n3 11 19 15\n3 17 3 11\n3 16 3 17\n3 0 16 10\n3 0 3 16\n3 8 13 17\n3 19 18 14\n3 14 15 19\n3 18 1 10\n3 2 1 18\n3 19 2 18\n3 11 2 19\n3 10 16 12\n3 9 14 18\n","hash":"JHvH96jDGAfcr/ovrcW0A6qQaXtrLoziIHcmYN2nfx0="},"matrix":[0.7076142131979695,0.7065989847715736,0,0,-0.6639185091813443,0.6648724150853405,0.3422818791946308,0,0.24185602834463257,-0.24220352263823117,0.9395973154362416,0,362.2211256089667,45.387033693319246,21.1241610738255,1,"697/985","-19488/29353","35496/146765","106322767/293530","696/985","19516/29353","-35547/146765","6661228/146765","0","51/149","140/149","6295/298","1"],"provenance":"geometry/graph/cut","hash":"22iXZcPLTYDY7dQCgQSfoYvI1T7VwDniomGyefmJaKw=","cache":{"boundingBox":[[326.8452969032125,9.636694716042625,9.999999999999991],[397.9597383572379,80.77406738663855,33.657718120805384]]}},{"type":"graph","tags":["color:#3c3c3c"],"graph":{"isClosed":true,"isEmpty":false,"isLazy":true,"provenance":"algorithm/cgal/fromSurfaceMeshToLazyGraph","serializedSurfaceMesh":"8\n-37/2 31 0\n-37/2 -31 0\n37/2 -31 0\n37/2 31 0\n-37/2 31 3/2\n-37/2 -31 3/2\n37/2 -31 3/2\n37/2 31 3/2\n\n12\n3 1 0 2\n3 3 2 0\n3 4 5 6\n3 6 7 4\n3 4 1 5\n3 1 4 0\n3 5 2 6\n3 2 5 1\n3 6 3 7\n3 3 6 2\n3 7 0 4\n3 0 7 3\n","hash":"pxzkSSJs3udTspfCDUvepIIakEX7ruEY91f0/Pakvws="},"matrix":[0.7076142131979695,0.7065989847715736,0,0,-0.6639185091813443,0.6648724150853405,0.3422818791946308,0,0.24185602834463257,-0.24220352263823117,0.9395973154362416,0,362.2211256089667,45.387033693319246,21.1241610738255,1,"697/985","-19488/29353","35496/146765","106322767/293530","696/985","19516/29353","-35547/146765","6661228/146765","0","51/149","140/149","6295/298","1"],"hash":"ytQQ3jTgogCG5l6VJBwEfCX2nEq7yyejUhD8wrD2sgQ=","cache":{"boundingBox":[[328.5487888801825,11.34060232344221,10.513422818791938],[396.2562463802679,79.07015977923895,33.14429530201344]]}}],"hash":"ED5HoW27BAo9MiGywSlSD6YVgG3LuWIBLlGP/WVybMI="}],"hash":"Z5F4WcMA6LHizntEC2Be2xAesLcEprvuSVRHSI8xtzg="},{"type":"item","tags":["part:{\"BOMitemName\":\"400 Watt Solar Pannel\",\"numberNeeded\":1,\"costUSD\":312,\"source\":\"https://www.ecodirect.com/Canadian-Solar-CS1Y-400W-All-Black-Solar-Panel-p/canadian-solar-cs1y-400m5.htm\",\"totalNeeded\":1,\"radius\":0.015384615384615385}"],"matrix":[0.7076142131979695,0.7065989847715736,0,0,-0.6639185091813443,0.6648724150853405,0.3422818791946308,0,0.24185602834463257,-0.24220352263823117,0.9395973154362416,0,390.5256941368855,73.65099308418219,21.1241610738255,1,"697/985","-19488/29353","35496/146765","114631007/293530","696/985","19516/29353","-35547/146765","10809388/146765","0","51/149","140/149","6295/298","1"],"content":[{"type":"group","tags":[],"matrix":[0.7076142131979695,0.7065989847715736,0,0,-0.6639185091813443,0.6648724150853405,0.3422818791946308,0,0.24185602834463257,-0.24220352263823117,0.9395973154362416,0,390.5256941368855,73.65099308418219,21.1241610738255,1,"697/985","-19488/29353","35496/146765","114631007/293530","696/985","19516/29353","-35547/146765","10809388/146765","0","51/149","140/149","6295/298","1"],"content":[{"type":"graph","tags":["color:#bababa"],"graph":{"isClosed":true,"isEmpty":false,"isLazy":true,"provenance":"algorithm/cgal/fromSurfaceMeshToLazyGraph","serializedSurfaceMesh":"20\n-39/2 65/2 0\n-39/2 -65/2 0\n39/2 -65/2 0\n39/2 65/2 0\n-39/2 65/2 3/2\n-39/2 -65/2 3/2\n39/2 -65/2 3/2\n39/2 65/2 3/2\n37/2 -185/6 3/2\n-37/2 185/6 3/2\n-37/2 185/6 0\n37/2 -185/6 0\n-37/2 31 3/2\n37/2 31 3/2\n-37/2 -31 3/2\n37/2 -31 3/2\n-37/2 31 0\n37/2 31 0\n-37/2 -31 0\n37/2 -31 0\n\n40\n3 0 10 1\n3 2 11 3\n3 15 5 6\n3 13 7 4\n3 5 4 1\n3 0 1 4\n3 6 5 2\n3 1 2 5\n3 7 6 3\n3 2 3 6\n3 4 7 0\n3 3 0 7\n3 8 7 13\n3 6 7 8\n3 4 12 13\n3 4 9 12\n3 17 15 8\n3 18 12 9\n3 15 17 11\n3 9 5 14\n3 4 5 9\n3 12 18 10\n3 5 15 14\n3 6 8 15\n3 16 17 13\n3 13 12 16\n3 11 19 15\n3 17 3 11\n3 16 3 17\n3 0 16 10\n3 0 3 16\n3 8 13 17\n3 19 18 14\n3 14 15 19\n3 18 1 10\n3 2 1 18\n3 19 2 18\n3 11 2 19\n3 10 16 12\n3 9 14 18\n","hash":"JHvH96jDGAfcr/ovrcW0A6qQaXtrLoziIHcmYN2nfx0="},"matrix":[0.7076142131979695,0.7065989847715736,0,0,-0.6639185091813443,0.6648724150853405,0.3422818791946308,0,0.24185602834463257,-0.24220352263823117,0.9395973154362416,0,390.5256941368855,73.65099308418219,21.1241610738255,1,"697/985","-19488/29353","35496/146765","114631007/293530","696/985","19516/29353","-35547/146765","10809388/146765","0","51/149","140/149","6295/298","1"],"provenance":"geometry/graph/cut","hash":"7/AmhIZ8qquGN5NAXt81kbBJBx+22DtktbXJ6HLDKHE=","cache":{"boundingBox":[[355.14986543113133,37.90065410690556,9.999999999999991],[426.26430688515666,109.03802677750149,33.657718120805384]]}},{"type":"graph","tags":["color:#3c3c3c"],"graph":{"isClosed":true,"isEmpty":false,"isLazy":true,"provenance":"algorithm/cgal/fromSurfaceMeshToLazyGraph","serializedSurfaceMesh":"8\n-37/2 31 0\n-37/2 -31 0\n37/2 -31 0\n37/2 31 0\n-37/2 31 3/2\n-37/2 -31 3/2\n37/2 -31 3/2\n37/2 31 3/2\n\n12\n3 1 0 2\n3 3 2 0\n3 4 5 6\n3 6 7 4\n3 4 1 5\n3 1 4 0\n3 5 2 6\n3 2 5 1\n3 6 3 7\n3 3 6 2\n3 7 0 4\n3 0 7 3\n","hash":"pxzkSSJs3udTspfCDUvepIIakEX7ruEY91f0/Pakvws="},"matrix":[0.7076142131979695,0.7065989847715736,0,0,-0.6639185091813443,0.6648724150853405,0.3422818791946308,0,0.24185602834463257,-0.24220352263823117,0.9395973154362416,0,390.5256941368855,73.65099308418219,21.1241610738255,1,"697/985","-19488/29353","35496/146765","114631007/293530","696/985","19516/29353","-35547/146765","10809388/146765","0","51/149","140/149","6295/298","1"],"hash":"oUFjWTz8p14q2MnByghl9ujcom9mA0gMKKPym1GlVBQ=","cache":{"boundingBox":[[356.8533574081013,39.60456171430515,10.513422818791938],[424.56081490818667,107.33411917010191,33.14429530201344]]}}],"hash":"lNQAIHnkcQAmnrIsQ90ntgHoltS9f6eLOmWGQnYU0og="}],"hash":"yvf4vdPcB8L5Qvb3A0i932RNuaas2Gg4PsbzCEV1oaQ="},{"type":"item","tags":["part:{\"BOMitemName\":\"400 Watt Solar Pannel\",\"numberNeeded\":1,\"costUSD\":312,\"source\":\"https://www.ecodirect.com/Canadian-Solar-CS1Y-400W-All-Black-Solar-Panel-p/canadian-solar-cs1y-400m5.htm\",\"totalNeeded\":1,\"radius\":0.015384615384615385}"],"matrix":[0.7076142131979695,0.7065989847715736,0,0,-0.6639185091813443,0.6648724150853405,0.3422818791946308,0,0.24185602834463257,-0.24220352263823117,0.9395973154362416,0,418.83026266480425,101.91495247504513,21.1241610738255,1,"697/985","-19488/29353","35496/146765","122939247/293530","696/985","19516/29353","-35547/146765","14957548/146765","0","51/149","140/149","6295/298","1"],"content":[{"type":"group","tags":[],"matrix":[0.7076142131979695,0.7065989847715736,0,0,-0.6639185091813443,0.6648724150853405,0.3422818791946308,0,0.24185602834463257,-0.24220352263823117,0.9395973154362416,0,418.83026266480425,101.91495247504513,21.1241610738255,1,"697/985","-19488/29353","35496/146765","122939247/293530","696/985","19516/29353","-35547/146765","14957548/146765","0","51/149","140/149","6295/298","1"],"content":[{"type":"graph","tags":["color:#bababa"],"graph":{"isClosed":true,"isEmpty":false,"isLazy":true,"provenance":"algorithm/cgal/fromSurfaceMeshToLazyGraph","serializedSurfaceMesh":"20\n-39/2 65/2 0\n-39/2 -65/2 0\n39/2 -65/2 0\n39/2 65/2 0\n-39/2 65/2 3/2\n-39/2 -65/2 3/2\n39/2 -65/2 3/2\n39/2 65/2 3/2\n37/2 -185/6 3/2\n-37/2 185/6 3/2\n-37/2 185/6 0\n37/2 -185/6 0\n-37/2 31 3/2\n37/2 31 3/2\n-37/2 -31 3/2\n37/2 -31 3/2\n-37/2 31 0\n37/2 31 0\n-37/2 -31 0\n37/2 -31 0\n\n40\n3 0 10 1\n3 2 11 3\n3 15 5 6\n3 13 7 4\n3 5 4 1\n3 0 1 4\n3 6 5 2\n3 1 2 5\n3 7 6 3\n3 2 3 6\n3 4 7 0\n3 3 0 7\n3 8 7 13\n3 6 7 8\n3 4 12 13\n3 4 9 12\n3 17 15 8\n3 18 12 9\n3 15 17 11\n3 9 5 14\n3 4 5 9\n3 12 18 10\n3 5 15 14\n3 6 8 15\n3 16 17 13\n3 13 12 16\n3 11 19 15\n3 17 3 11\n3 16 3 17\n3 0 16 10\n3 0 3 16\n3 8 13 17\n3 19 18 14\n3 14 15 19\n3 18 1 10\n3 2 1 18\n3 19 2 18\n3 11 2 19\n3 10 16 12\n3 9 14 18\n","hash":"JHvH96jDGAfcr/ovrcW0A6qQaXtrLoziIHcmYN2nfx0="},"matrix":[0.7076142131979695,0.7065989847715736,0,0,-0.6639185091813443,0.6648724150853405,0.3422818791946308,0,0.24185602834463257,-0.24220352263823117,0.9395973154362416,0,418.83026266480425,101.91495247504513,21.1241610738255,1,"697/985","-19488/29353","35496/146765","122939247/293530","696/985","19516/29353","-35547/146765","14957548/146765","0","51/149","140/149","6295/298","1"],"provenance":"geometry/graph/cut","hash":"Rmnv1/s/oqfBvN+tB2Xx4drZj+OauYx0Yqze0XOCNF8=","cache":{"boundingBox":[[383.45443395905005,66.16461349776849,9.999999999999991],[454.56887541307543,137.30198616836444,33.657718120805384]]}},{"type":"graph","tags":["color:#3c3c3c"],"graph":{"isClosed":true,"isEmpty":false,"isLazy":true,"provenance":"algorithm/cgal/fromSurfaceMeshToLazyGraph","serializedSurfaceMesh":"8\n-37/2 31 0\n-37/2 -31 0\n37/2 -31 0\n37/2 31 0\n-37/2 31 3/2\n-37/2 -31 3/2\n37/2 -31 3/2\n37/2 31 3/2\n\n12\n3 1 0 2\n3 3 2 0\n3 4 5 6\n3 6 7 4\n3 4 1 5\n3 1 4 0\n3 5 2 6\n3 2 5 1\n3 6 3 7\n3 3 6 2\n3 7 0 4\n3 0 7 3\n","hash":"pxzkSSJs3udTspfCDUvepIIakEX7ruEY91f0/Pakvws="},"matrix":[0.7076142131979695,0.7065989847715736,0,0,-0.6639185091813443,0.6648724150853405,0.3422818791946308,0,0.24185602834463257,-0.24220352263823117,0.9395973154362416,0,418.83026266480425,101.91495247504513,21.1241610738255,1,"697/985","-19488/29353","35496/146765","122939247/293530","696/985","19516/29353","-35547/146765","14957548/146765","0","51/149","140/149","6295/298","1"],"hash":"jI2KPpxjdP0t1tSJayUuKH5W5gATBvXuueh9l8tEvWA=","cache":{"boundingBox":[[385.15792593602004,67.86852110516809,10.513422818791938],[452.86538343610545,135.59807856096486,33.14429530201344]]}}],"hash":"oQRZvZs8roueL2aAoDAIamv1U5CXqPVdztcFNqFfSv4="}],"hash":"GO0cj56bNeLDa2mKw7xjnRlDaZJkF1sS2tl+jip+vlg="},{"type":"item","tags":["part:{\"BOMitemName\":\"400 Watt Solar Pannel\",\"numberNeeded\":1,\"costUSD\":312,\"source\":\"https://www.ecodirect.com/Canadian-Solar-CS1Y-400W-All-Black-Solar-Panel-p/canadian-solar-cs1y-400m5.htm\",\"totalNeeded\":1,\"radius\":0.015384615384615385}"],"matrix":[0.7076142131979695,0.7065989847715736,0,0,-0.6639185091813443,0.6648724150853405,0.3422818791946308,0,0.24185602834463257,-0.24220352263823117,0.9395973154362416,0,447.134831192723,130.17891186590808,21.1241610738255,1,"697/985","-19488/29353","35496/146765","131247487/293530","696/985","19516/29353","-35547/146765","19105708/146765","0","51/149","140/149","6295/298","1"],"content":[{"type":"group","tags":[],"matrix":[0.7076142131979695,0.7065989847715736,0,0,-0.6639185091813443,0.6648724150853405,0.3422818791946308,0,0.24185602834463257,-0.24220352263823117,0.9395973154362416,0,447.134831192723,130.17891186590808,21.1241610738255,1,"697/985","-19488/29353","35496/146765","131247487/293530","696/985","19516/29353","-35547/146765","19105708/146765","0","51/149","140/149","6295/298","1"],"content":[{"type":"graph","tags":["color:#bababa"],"graph":{"isClosed":true,"isEmpty":false,"isLazy":true,"provenance":"algorithm/cgal/fromSurfaceMeshToLazyGraph","serializedSurfaceMesh":"20\n-39/2 65/2 0\n-39/2 -65/2 0\n39/2 -65/2 0\n39/2 65/2 0\n-39/2 65/2 3/2\n-39/2 -65/2 3/2\n39/2 -65/2 3/2\n39/2 65/2 3/2\n37/2 -185/6 3/2\n-37/2 185/6 3/2\n-37/2 185/6 0\n37/2 -185/6 0\n-37/2 31 3/2\n37/2 31 3/2\n-37/2 -31 3/2\n37/2 -31 3/2\n-37/2 31 0\n37/2 31 0\n-37/2 -31 0\n37/2 -31 0\n\n40\n3 0 10 1\n3 2 11 3\n3 15 5 6\n3 13 7 4\n3 5 4 1\n3 0 1 4\n3 6 5 2\n3 1 2 5\n3 7 6 3\n3 2 3 6\n3 4 7 0\n3 3 0 7\n3 8 7 13\n3 6 7 8\n3 4 12 13\n3 4 9 12\n3 17 15 8\n3 18 12 9\n3 15 17 11\n3 9 5 14\n3 4 5 9\n3 12 18 10\n3 5 15 14\n3 6 8 15\n3 16 17 13\n3 13 12 16\n3 11 19 15\n3 17 3 11\n3 16 3 17\n3 0 16 10\n3 0 3 16\n3 8 13 17\n3 19 18 14\n3 14 15 19\n3 18 1 10\n3 2 1 18\n3 19 2 18\n3 11 2 19\n3 10 16 12\n3 9 14 18\n","hash":"JHvH96jDGAfcr/ovrcW0A6qQaXtrLoziIHcmYN2nfx0="},"matrix":[0.7076142131979695,0.7065989847715736,0,0,-0.6639185091813443,0.6648724150853405,0.3422818791946308,0,0.24185602834463257,-0.24220352263823117,0.9395973154362416,0,447.134831192723,130.17891186590808,21.1241610738255,1,"697/985","-19488/29353","35496/146765","131247487/293530","696/985","19516/29353","-35547/146765","19105708/146765","0","51/149","140/149","6295/298","1"],"provenance":"geometry/graph/cut","hash":"IcInjJb8GrqdByH8+ss0GmQ8QSUnTyD04pZohRVQfuM=","cache":{"boundingBox":[[411.7590024869689,94.42857288863145,9.999999999999991],[482.8734439409942,165.5659455592274,33.657718120805384]]}},{"type":"graph","tags":["color:#3c3c3c"],"graph":{"isClosed":true,"isEmpty":false,"isLazy":true,"provenance":"algorithm/cgal/fromSurfaceMeshToLazyGraph","serializedSurfaceMesh":"8\n-37/2 31 0\n-37/2 -31 0\n37/2 -31 0\n37/2 31 0\n-37/2 31 3/2\n-37/2 -31 3/2\n37/2 -31 3/2\n37/2 31 3/2\n\n12\n3 1 0 2\n3 3 2 0\n3 4 5 6\n3 6 7 4\n3 4 1 5\n3 1 4 0\n3 5 2 6\n3 2 5 1\n3 6 3 7\n3 3 6 2\n3 7 0 4\n3 0 7 3\n","hash":"pxzkSSJs3udTspfCDUvepIIakEX7ruEY91f0/Pakvws="},"matrix":[0.7076142131979695,0.7065989847715736,0,0,-0.6639185091813443,0.6648724150853405,0.3422818791946308,0,0.24185602834463257,-0.24220352263823117,0.9395973154362416,0,447.134831192723,130.17891186590808,21.1241610738255,1,"697/985","-19488/29353","35496/146765","131247487/293530","696/985","19516/29353","-35547/146765","19105708/146765","0","51/149","140/149","6295/298","1"],"hash":"BMg7lJSnmoRwctg6PkIu5aDgvgeFOsw8UidwvVVPJ40=","cache":{"boundingBox":[[413.46249446393887,96.13248049603102,10.513422818791938],[481.1699519640242,163.86203795182783,33.14429530201344]]}}],"hash":"Yl1e9i1tN0reday/CltmLeLf2RdfdJQrhcr/Q5ztqIE="}],"hash":"uDHmFNA2MfkuPgJbwM4Wq6tjaKFaYByTuFpNi0pLhj8="},{"type":"item","tags":["part:{\"BOMitemName\":\"400 Watt Solar Pannel\",\"numberNeeded\":1,\"costUSD\":312,\"source\":\"https://www.ecodirect.com/Canadian-Solar-CS1Y-400W-All-Black-Solar-Panel-p/canadian-solar-cs1y-400m5.htm\",\"totalNeeded\":1,\"radius\":0.015384615384615385}"],"matrix":[0.7076142131979695,0.7065989847715736,0,0,-0.6639185091813443,0.6648724150853405,0.3422818791946308,0,0.24185602834463257,-0.24220352263823117,0.9395973154362416,0,475.4393997206418,158.442871256771,21.1241610738255,1,"697/985","-19488/29353","35496/146765","139555727/293530","696/985","19516/29353","-35547/146765","23253868/146765","0","51/149","140/149","6295/298","1"],"content":[{"type":"group","tags":[],"matrix":[0.7076142131979695,0.7065989847715736,0,0,-0.6639185091813443,0.6648724150853405,0.3422818791946308,0,0.24185602834463257,-0.24220352263823117,0.9395973154362416,0,475.4393997206418,158.442871256771,21.1241610738255,1,"697/985","-19488/29353","35496/146765","139555727/293530","696/985","19516/29353","-35547/146765","23253868/146765","0","51/149","140/149","6295/298","1"],"content":[{"type":"graph","tags":["color:#bababa"],"graph":{"isClosed":true,"isEmpty":false,"isLazy":true,"provenance":"algorithm/cgal/fromSurfaceMeshToLazyGraph","serializedSurfaceMesh":"20\n-39/2 65/2 0\n-39/2 -65/2 0\n39/2 -65/2 0\n39/2 65/2 0\n-39/2 65/2 3/2\n-39/2 -65/2 3/2\n39/2 -65/2 3/2\n39/2 65/2 3/2\n37/2 -185/6 3/2\n-37/2 185/6 3/2\n-37/2 185/6 0\n37/2 -185/6 0\n-37/2 31 3/2\n37/2 31 3/2\n-37/2 -31 3/2\n37/2 -31 3/2\n-37/2 31 0\n37/2 31 0\n-37/2 -31 0\n37/2 -31 0\n\n40\n3 0 10 1\n3 2 11 3\n3 15 5 6\n3 13 7 4\n3 5 4 1\n3 0 1 4\n3 6 5 2\n3 1 2 5\n3 7 6 3\n3 2 3 6\n3 4 7 0\n3 3 0 7\n3 8 7 13\n3 6 7 8\n3 4 12 13\n3 4 9 12\n3 17 15 8\n3 18 12 9\n3 15 17 11\n3 9 5 14\n3 4 5 9\n3 12 18 10\n3 5 15 14\n3 6 8 15\n3 16 17 13\n3 13 12 16\n3 11 19 15\n3 17 3 11\n3 16 3 17\n3 0 16 10\n3 0 3 16\n3 8 13 17\n3 19 18 14\n3 14 15 19\n3 18 1 10\n3 2 1 18\n3 19 2 18\n3 11 2 19\n3 10 16 12\n3 9 14 18\n","hash":"JHvH96jDGAfcr/ovrcW0A6qQaXtrLoziIHcmYN2nfx0="},"matrix":[0.7076142131979695,0.7065989847715736,0,0,-0.6639185091813443,0.6648724150853405,0.3422818791946308,0,0.24185602834463257,-0.24220352263823117,0.9395973154362416,0,475.4393997206418,158.442871256771,21.1241610738255,1,"697/985","-19488/29353","35496/146765","139555727/293530","696/985","19516/29353","-35547/146765","23253868/146765","0","51/149","140/149","6295/298","1"],"provenance":"geometry/graph/cut","hash":"gaGxK36AaxG0FvJ8Li7aS71kgcAMnehomLcCpENXl/k=","cache":{"boundingBox":[[440.0635710148876,122.69253227949439,9.999999999999991],[511.178012468913,193.82990495009034,33.657718120805384]]}},{"type":"graph","tags":["color:#3c3c3c"],"graph":{"isClosed":true,"isEmpty":false,"isLazy":true,"provenance":"algorithm/cgal/fromSurfaceMeshToLazyGraph","serializedSurfaceMesh":"8\n-37/2 31 0\n-37/2 -31 0\n37/2 -31 0\n37/2 31 0\n-37/2 31 3/2\n-37/2 -31 3/2\n37/2 -31 3/2\n37/2 31 3/2\n\n12\n3 1 0 2\n3 3 2 0\n3 4 5 6\n3 6 7 4\n3 4 1 5\n3 1 4 0\n3 5 2 6\n3 2 5 1\n3 6 3 7\n3 3 6 2\n3 7 0 4\n3 0 7 3\n","hash":"pxzkSSJs3udTspfCDUvepIIakEX7ruEY91f0/Pakvws="},"matrix":[0.7076142131979695,0.7065989847715736,0,0,-0.6639185091813443,0.6648724150853405,0.3422818791946308,0,0.24185602834463257,-0.24220352263823117,0.9395973154362416,0,475.4393997206418,158.442871256771,21.1241610738255,1,"697/985","-19488/29353","35496/146765","139555727/293530","696/985","19516/29353","-35547/146765","23253868/146765","0","51/149","140/149","6295/298","1"],"hash":"tg2DOvg0KBZ3Eb3MTRo6ia8vGXcKYWNvhwTsgE+fUT8=","cache":{"boundingBox":[[441.7670629918576,124.39643988689396,10.513422818791938],[509.474520491943,192.12599734269077,33.14429530201344]]}}],"hash":"NoXnt2uSgvpqXs05wfTqqvMDTBIlht0vlj/vgQ27uNk="}],"hash":"Z8NFe624RxzWA6uLQ1rBr29YGBipXzk3B9VK22ReIYo="},{"type":"item","tags":["part:{\"BOMitemName\":\"400 Watt Solar Pannel\",\"numberNeeded\":1,\"costUSD\":312,\"source\":\"https://www.ecodirect.com/Canadian-Solar-CS1Y-400W-All-Black-Solar-Panel-p/canadian-solar-cs1y-400m5.htm\",\"totalNeeded\":1,\"radius\":0.015384615384615385}"],"matrix":[0.7076142131979695,0.7065989847715736,0,0,-0.6639185091813443,0.6648724150853405,0.3422818791946308,0,0.24185602834463257,-0.24220352263823117,0.9395973154362416,0,503.7439682485606,186.70683064763395,21.1241610738255,1,"697/985","-19488/29353","35496/146765","147863967/293530","696/985","19516/29353","-35547/146765","27402028/146765","0","51/149","140/149","6295/298","1"],"content":[{"type":"group","tags":[],"matrix":[0.7076142131979695,0.7065989847715736,0,0,-0.6639185091813443,0.6648724150853405,0.3422818791946308,0,0.24185602834463257,-0.24220352263823117,0.9395973154362416,0,503.7439682485606,186.70683064763395,21.1241610738255,1,"697/985","-19488/29353","35496/146765","147863967/293530","696/985","19516/29353","-35547/146765","27402028/146765","0","51/149","140/149","6295/298","1"],"content":[{"type":"graph","tags":["color:#bababa"],"graph":{"isClosed":true,"isEmpty":false,"isLazy":true,"provenance":"algorithm/cgal/fromSurfaceMeshToLazyGraph","serializedSurfaceMesh":"20\n-39/2 65/2 0\n-39/2 -65/2 0\n39/2 -65/2 0\n39/2 65/2 0\n-39/2 65/2 3/2\n-39/2 -65/2 3/2\n39/2 -65/2 3/2\n39/2 65/2 3/2\n37/2 -185/6 3/2\n-37/2 185/6 3/2\n-37/2 185/6 0\n37/2 -185/6 0\n-37/2 31 3/2\n37/2 31 3/2\n-37/2 -31 3/2\n37/2 -31 3/2\n-37/2 31 0\n37/2 31 0\n-37/2 -31 0\n37/2 -31 0\n\n40\n3 0 10 1\n3 2 11 3\n3 15 5 6\n3 13 7 4\n3 5 4 1\n3 0 1 4\n3 6 5 2\n3 1 2 5\n3 7 6 3\n3 2 3 6\n3 4 7 0\n3 3 0 7\n3 8 7 13\n3 6 7 8\n3 4 12 13\n3 4 9 12\n3 17 15 8\n3 18 12 9\n3 15 17 11\n3 9 5 14\n3 4 5 9\n3 12 18 10\n3 5 15 14\n3 6 8 15\n3 16 17 13\n3 13 12 16\n3 11 19 15\n3 17 3 11\n3 16 3 17\n3 0 16 10\n3 0 3 16\n3 8 13 17\n3 19 18 14\n3 14 15 19\n3 18 1 10\n3 2 1 18\n3 19 2 18\n3 11 2 19\n3 10 16 12\n3 9 14 18\n","hash":"JHvH96jDGAfcr/ovrcW0A6qQaXtrLoziIHcmYN2nfx0="},"matrix":[0.7076142131979695,0.7065989847715736,0,0,-0.6639185091813443,0.6648724150853405,0.3422818791946308,0,0.24185602834463257,-0.24220352263823117,0.9395973154362416,0,503.7439682485606,186.70683064763395,21.1241610738255,1,"697/985","-19488/29353","35496/146765","147863967/293530","696/985","19516/29353","-35547/146765","27402028/146765","0","51/149","140/149","6295/298","1"],"provenance":"geometry/graph/cut","hash":"z/m4OilPGLadB/4Lly6rYBJB80XJ1OH+C+BSIvlSaJ8=","cache":{"boundingBox":[[468.36813954280643,150.9564916703573,9.999999999999991],[539.4825809968319,222.09386434095327,33.657718120805384]]}},{"type":"graph","tags":["color:#3c3c3c"],"graph":{"isClosed":true,"isEmpty":false,"isLazy":true,"provenance":"algorithm/cgal/fromSurfaceMeshToLazyGraph","serializedSurfaceMesh":"8\n-37/2 31 0\n-37/2 -31 0\n37/2 -31 0\n37/2 31 0\n-37/2 31 3/2\n-37/2 -31 3/2\n37/2 -31 3/2\n37/2 31 3/2\n\n12\n3 1 0 2\n3 3 2 0\n3 4 5 6\n3 6 7 4\n3 4 1 5\n3 1 4 0\n3 5 2 6\n3 2 5 1\n3 6 3 7\n3 3 6 2\n3 7 0 4\n3 0 7 3\n","hash":"pxzkSSJs3udTspfCDUvepIIakEX7ruEY91f0/Pakvws="},"matrix":[0.7076142131979695,0.7065989847715736,0,0,-0.6639185091813443,0.6648724150853405,0.3422818791946308,0,0.24185602834463257,-0.24220352263823117,0.9395973154362416,0,503.7439682485606,186.70683064763395,21.1241610738255,1,"697/985","-19488/29353","35496/146765","147863967/293530","696/985","19516/29353","-35547/146765","27402028/146765","0","51/149","140/149","6295/298","1"],"hash":"39naNTCqFG191ADjLtT7m8yI3wu+sTNGv/jCZfuOG3A=","cache":{"boundingBox":[[470.0716315197764,152.66039927775688,10.513422818791938],[537.7790890198618,220.3899567335537,33.14429530201344]]}}],"hash":"kbCZYmpAo0HBzsjXMhsFOCKmUwHdE4+1gWZukrfYhp0="}],"hash":"q6Gt0YddbxzLEZyAQ6hdbCr1Vz7wZNQQxHCtCzxCCbc="},{"type":"item","tags":["part:{\"BOMitemName\":\"400 Watt Solar Pannel\",\"numberNeeded\":1,\"costUSD\":312,\"source\":\"https://www.ecodirect.com/Canadian-Solar-CS1Y-400W-All-Black-Solar-Panel-p/canadian-solar-cs1y-400m5.htm\",\"totalNeeded\":1,\"radius\":0.015384615384615385}"],"matrix":[0.7076142131979695,0.7065989847715736,0,0,-0.6639185091813443,0.6648724150853405,0.3422818791946308,0,0.24185602834463257,-0.24220352263823117,0.9395973154362416,0,532.0485367764793,214.97079003849692,21.1241610738255,1,"697/985","-19488/29353","35496/146765","156172207/293530","696/985","19516/29353","-35547/146765","31550188/146765","0","51/149","140/149","6295/298","1"],"content":[{"type":"group","tags":[],"matrix":[0.7076142131979695,0.7065989847715736,0,0,-0.6639185091813443,0.6648724150853405,0.3422818791946308,0,0.24185602834463257,-0.24220352263823117,0.9395973154362416,0,532.0485367764793,214.97079003849692,21.1241610738255,1,"697/985","-19488/29353","35496/146765","156172207/293530","696/985","19516/29353","-35547/146765","31550188/146765","0","51/149","140/149","6295/298","1"],"content":[{"type":"graph","tags":["color:#bababa"],"graph":{"isClosed":true,"isEmpty":false,"isLazy":true,"provenance":"algorithm/cgal/fromSurfaceMeshToLazyGraph","serializedSurfaceMesh":"20\n-39/2 65/2 0\n-39/2 -65/2 0\n39/2 -65/2 0\n39/2 65/2 0\n-39/2 65/2 3/2\n-39/2 -65/2 3/2\n39/2 -65/2 3/2\n39/2 65/2 3/2\n37/2 -185/6 3/2\n-37/2 185/6 3/2\n-37/2 185/6 0\n37/2 -185/6 0\n-37/2 31 3/2\n37/2 31 3/2\n-37/2 -31 3/2\n37/2 -31 3/2\n-37/2 31 0\n37/2 31 0\n-37/2 -31 0\n37/2 -31 0\n\n40\n3 0 10 1\n3 2 11 3\n3 15 5 6\n3 13 7 4\n3 5 4 1\n3 0 1 4\n3 6 5 2\n3 1 2 5\n3 7 6 3\n3 2 3 6\n3 4 7 0\n3 3 0 7\n3 8 7 13\n3 6 7 8\n3 4 12 13\n3 4 9 12\n3 17 15 8\n3 18 12 9\n3 15 17 11\n3 9 5 14\n3 4 5 9\n3 12 18 10\n3 5 15 14\n3 6 8 15\n3 16 17 13\n3 13 12 16\n3 11 19 15\n3 17 3 11\n3 16 3 17\n3 0 16 10\n3 0 3 16\n3 8 13 17\n3 19 18 14\n3 14 15 19\n3 18 1 10\n3 2 1 18\n3 19 2 18\n3 11 2 19\n3 10 16 12\n3 9 14 18\n","hash":"JHvH96jDGAfcr/ovrcW0A6qQaXtrLoziIHcmYN2nfx0="},"matrix":[0.7076142131979695,0.7065989847715736,0,0,-0.6639185091813443,0.6648724150853405,0.3422818791946308,0,0.24185602834463257,-0.24220352263823117,0.9395973154362416,0,532.0485367764793,214.97079003849692,21.1241610738255,1,"697/985","-19488/29353","35496/146765","156172207/293530","696/985","19516/29353","-35547/146765","31550188/146765","0","51/149","140/149","6295/298","1"],"provenance":"geometry/graph/cut","hash":"RhnTmhclWtnBe3ZoGa7LhtO7k3si9CICsKsiVNS5ueQ=","cache":{"boundingBox":[[496.67270807072515,179.22045106122027,9.999999999999991],[567.7871495247506,250.35782373181624,33.657718120805384]]}},{"type":"graph","tags":["color:#3c3c3c"],"graph":{"isClosed":true,"isEmpty":false,"isLazy":true,"provenance":"algorithm/cgal/fromSurfaceMeshToLazyGraph","serializedSurfaceMesh":"8\n-37/2 31 0\n-37/2 -31 0\n37/2 -31 0\n37/2 31 0\n-37/2 31 3/2\n-37/2 -31 3/2\n37/2 -31 3/2\n37/2 31 3/2\n\n12\n3 1 0 2\n3 3 2 0\n3 4 5 6\n3 6 7 4\n3 4 1 5\n3 1 4 0\n3 5 2 6\n3 2 5 1\n3 6 3 7\n3 3 6 2\n3 7 0 4\n3 0 7 3\n","hash":"pxzkSSJs3udTspfCDUvepIIakEX7ruEY91f0/Pakvws="},"matrix":[0.7076142131979695,0.7065989847715736,0,0,-0.6639185091813443,0.6648724150853405,0.3422818791946308,0,0.24185602834463257,-0.24220352263823117,0.9395973154362416,0,532.0485367764793,214.97079003849692,21.1241610738255,1,"697/985","-19488/29353","35496/146765","156172207/293530","696/985","19516/29353","-35547/146765","31550188/146765","0","51/149","140/149","6295/298","1"],"hash":"DtFheF4GkhRb7JjJP/OP7iNIXxtG02E3vCJ4ZIiQlrE=","cache":{"boundingBox":[[498.37620004769514,180.92435866861985,10.513422818791938],[566.0836575477806,248.65391612441667,33.14429530201344]]}}],"hash":"+eY2RuxrM9ZuSOgJhWfWzUUFPnD0p8o0Z//SAPu6C8s="}],"hash":"W0csk1UVURuAmk/WuUw5MJE3Vg9mqU9sK159v71YKAw="}],"hash":"UfGDKWm7bHekRSqhytgdcWaw2nU7BDGbgctfEdRZtaw="},{"type":"group","tags":[],"matrix":[0.7076142131979695,0.7065989847715736,0,0,-0.7065989847715736,0.7076142131979695,0,0,0,0,1,0,480,10,10,1,"697/985","-696/985","0","480","696/985","697/985","0","10","0","0","1","10","1"],"content":[{"type":"item","tags":["part:{\"BOMitemName\":\"400 Watt Solar Pannel\",\"numberNeeded\":1,\"costUSD\":312,\"source\":\"https://www.ecodirect.com/Canadian-Solar-CS1Y-400W-All-Black-Solar-Panel-p/canadian-solar-cs1y-400m5.htm\",\"totalNeeded\":1,\"radius\":0.015384615384615385}"],"matrix":[0.7076142131979695,0.7065989847715736,0,0,-0.6639185091813443,0.6648724150853405,0.3422818791946308,0,0.24185602834463257,-0.24220352263823117,0.9395973154362416,0,472.2211256089667,45.387033693319246,21.1241610738255,1,"697/985","-19488/29353","35496/146765","138611067/293530","696/985","19516/29353","-35547/146765","6661228/146765","0","51/149","140/149","6295/298","1"],"content":[{"type":"group","tags":[],"matrix":[0.7076142131979695,0.7065989847715736,0,0,-0.6639185091813443,0.6648724150853405,0.3422818791946308,0,0.24185602834463257,-0.24220352263823117,0.9395973154362416,0,472.2211256089667,45.387033693319246,21.1241610738255,1,"697/985","-19488/29353","35496/146765","138611067/293530","696/985","19516/29353","-35547/146765","6661228/146765","0","51/149","140/149","6295/298","1"],"content":[{"type":"graph","tags":["color:#bababa"],"graph":{"isClosed":true,"isEmpty":false,"isLazy":true,"provenance":"algorithm/cgal/fromSurfaceMeshToLazyGraph","serializedSurfaceMesh":"20\n-39/2 65/2 0\n-39/2 -65/2 0\n39/2 -65/2 0\n39/2 65/2 0\n-39/2 65/2 3/2\n-39/2 -65/2 3/2\n39/2 -65/2 3/2\n39/2 65/2 3/2\n37/2 -185/6 3/2\n-37/2 185/6 3/2\n-37/2 185/6 0\n37/2 -185/6 0\n-37/2 31 3/2\n37/2 31 3/2\n-37/2 -31 3/2\n37/2 -31 3/2\n-37/2 31 0\n37/2 31 0\n-37/2 -31 0\n37/2 -31 0\n\n40\n3 0 10 1\n3 2 11 3\n3 15 5 6\n3 13 7 4\n3 5 4 1\n3 0 1 4\n3 6 5 2\n3 1 2 5\n3 7 6 3\n3 2 3 6\n3 4 7 0\n3 3 0 7\n3 8 7 13\n3 6 7 8\n3 4 12 13\n3 4 9 12\n3 17 15 8\n3 18 12 9\n3 15 17 11\n3 9 5 14\n3 4 5 9\n3 12 18 10\n3 5 15 14\n3 6 8 15\n3 16 17 13\n3 13 12 16\n3 11 19 15\n3 17 3 11\n3 16 3 17\n3 0 16 10\n3 0 3 16\n3 8 13 17\n3 19 18 14\n3 14 15 19\n3 18 1 10\n3 2 1 18\n3 19 2 18\n3 11 2 19\n3 10 16 12\n3 9 14 18\n","hash":"JHvH96jDGAfcr/ovrcW0A6qQaXtrLoziIHcmYN2nfx0="},"matrix":[0.7076142131979695,0.7065989847715736,0,0,-0.6639185091813443,0.6648724150853405,0.3422818791946308,0,0.24185602834463257,-0.24220352263823117,0.9395973154362416,0,472.2211256089667,45.387033693319246,21.1241610738255,1,"697/985","-19488/29353","35496/146765","138611067/293530","696/985","19516/29353","-35547/146765","6661228/146765","0","51/149","140/149","6295/298","1"],"provenance":"geometry/graph/cut","hash":"w98PaPoieKM8yqNA9lu808Us3P5BeNONZER51TkMdaI=","cache":{"boundingBox":[[436.8452969032125,9.636694716042625,9.999999999999991],[507.9597383572379,80.77406738663855,33.657718120805384]]}},{"type":"graph","tags":["color:#3c3c3c"],"graph":{"isClosed":true,"isEmpty":false,"isLazy":true,"provenance":"algorithm/cgal/fromSurfaceMeshToLazyGraph","serializedSurfaceMesh":"8\n-37/2 31 0\n-37/2 -31 0\n37/2 -31 0\n37/2 31 0\n-37/2 31 3/2\n-37/2 -31 3/2\n37/2 -31 3/2\n37/2 31 3/2\n\n12\n3 1 0 2\n3 3 2 0\n3 4 5 6\n3 6 7 4\n3 4 1 5\n3 1 4 0\n3 5 2 6\n3 2 5 1\n3 6 3 7\n3 3 6 2\n3 7 0 4\n3 0 7 3\n","hash":"pxzkSSJs3udTspfCDUvepIIakEX7ruEY91f0/Pakvws="},"matrix":[0.7076142131979695,0.7065989847715736,0,0,-0.6639185091813443,0.6648724150853405,0.3422818791946308,0,0.24185602834463257,-0.24220352263823117,0.9395973154362416,0,472.2211256089667,45.387033693319246,21.1241610738255,1,"697/985","-19488/29353","35496/146765","138611067/293530","696/985","19516/29353","-35547/146765","6661228/146765","0","51/149","140/149","6295/298","1"],"hash":"mtDeeqCU8TDRzKnbBAjXslbo2m7w4Ai4dzN9tC31Y5I=","cache":{"boundingBox":[[438.5487888801825,11.34060232344221,10.513422818791938],[506.2562463802679,79.07015977923895,33.14429530201344]]}}],"hash":"ALblUy8EYcPT22J+x2GAcBjcAFxHbTfmgXc